dcmd=+0  d=-0.09 | phi=-126.98  ank=-66.77  alpha=-193.75
dcmd=+0  d=+0.00 | phi=-127.00  ank=-66.84  alpha=-193.84
dcmd=+0  d=-0.09 | phi=-126.96  ank=-66.69  alpha=-193.65
dcmd=+0  d=-0.09 | phi=-126.94  ank=-66.69  alpha=-193.62
dcmd=+0  d=-0.09 | phi=-126.96  ank=-66.67  alpha=-193.62
dcmd=+0  d=-0.09 | phi=-126.96  ank=-66.60  alpha=-193.56
dcmd=+0  d=-0.09 | phi=-127.02  ank=-66.82  alpha=-193.84
dcmd=+0  d=+0.00 | phi=-126.96  ank=-66.93  alpha=-193.89
dcmd=+0  d=+0.00 | phi=-126.96  ank=-66.80  alpha=-193.75
dcmd=+0  d=+0.00 | phi=-127.02  ank=-66.58  alpha=-193.60
dcmd=+0  d=+0.00 | phi=-126.96  ank=-67.04  alpha=-194.00
dcmd=+0  d=+0.00 | phi=-127.02  ank=-66.77  alpha=-193.80
dcmd=+0  d=+0.00 | phi=-127.00  ank=-66.58  alpha=-193.58
dcmd=+0  d=-0.09 | phi=-126.89  ank=-67.17  alpha=-194.06
dcmd=+0  d=+0.00 | phi=-126.98  ank=-66.69  alpha=-193.67
dcmd=+0  d=+0.00 | phi=-126.98  ank=-67.17  alpha=-194.15
dcmd=+0  d=+0.00 | phi=-126.96  ank=-66.64  alpha=-193.60
dcmd=+0  d=+0.00 | phi=-126.94  ank=-66.69  alpha=-193.62
dcmd=+0  d=+0.00 | phi=-127.00  ank=-66.58  alpha=-193.58
dcmd=+0  d=+0.00 | phi=-126.96  ank=-66.60  alpha=-193.56
dcmd=+0  d=+0.00 | phi=-126.96  ank=-66.73  alpha=-193.69
dcmd=+0  d=+0.00 | phi=-126.96  ank=-66.93  alpha=-193.89
dcmd=+0  d=-0.09 | phi=-126.94  ank=-66.60  alpha=-193.54
dcmd=+0  d=-0.09 | phi=-127.00  ank=-66.88  alpha=-193.89
dcmd=+0  d=+0.00 | phi=-126.96  ank=-66.84  alpha=-193.80
dcmd=+0  d=-0.09 | phi=-127.00  ank=-66.99  alpha=-194.00
dcmd=+0  d=-0.09 | phi=-127.00  ank=-67.06  alpha=-194.06
dcmd=+0  d=+0.00 | phi=-126.91  ank=-66.93  alpha=-193.84
dcmd=+0  d=-0.09 | phi=-126.98  ank=-66.82  alpha=-193.80
dcmd=+0  d=+0.00 | phi=-126.96  ank=-66.53  alpha=-193.49
dcmd=+0  d=+0.00 | phi=-126.96  ank=-66.80  alpha=-193.75
dcmd=+0  d=+0.00 | phi=-126.94  ank=-66.84  alpha=-193.78
dcmd=+0  d=-0.09 | phi=-127.02  ank=-66.71  alpha=-193.73
dcmd=+0  d=+0.00 | phi=-126.94  ank=-66.75  alpha=-193.69
dcmd=+0  d=+0.00 | phi=-127.00  ank=-66.88  alpha=-193.89
dcmd=+0  d=+0.00 | phi=-126.96  ank=-66.84  alpha=-193.80
dcmd=+0  d=-0.09 | phi=-126.89  ank=-66.49  alpha=-193.38
dcmd=+0  d=-0.09 | phi=-126.98  ank=-66.75  alpha=-193.73
dcmd=+0  d=+0.00 | phi=-126.98  ank=-66.77  alpha=-193.75
dcmd=+0  d=+0.00 | phi=-127.00  ank=-66.84  alpha=-193.84
dcmd=+0  d=+0.00 | phi=-126.96  ank=-67.02  alpha=-193.97
dcmd=+0  d=-0.09 | phi=-126.94  ank=-66.91  alpha=-193.84
dcmd=+0  d=+0.00 | phi=-126.98  ank=-66.71  alpha=-193.69
dcmd=+0  d=+0.00 | phi=-126.94  ank=-66.60  alpha=-193.54
dcmd=+0  d=+0.00 | phi=-126.91  ank=-66.84  alpha=-193.75
dcmd=+0  d=+0.00 | phi=-126.94  ank=-66.77  alpha=-193.71
dcmd=+0  d=+0.00 | phi=-127.02  ank=-66.45  alpha=-193.47
dcmd=+0  d=+0.00 | phi=-126.96  ank=-66.67  alpha=-193.62
dcmd=+0  d=+0.00 | phi=-126.96  ank=-66.58  alpha=-193.54
dcmd=+0  d=-0.09 | phi=-127.07  ank=-66.71  alpha=-193.78
dcmd=+0  d=+0.00 | phi=-127.05  ank=-66.62  alpha=-193.67
dcmd=+0  d=-0.09 | phi=-126.91  ank=-66.56  alpha=-193.47
dcmd=+0  d=-0.09 | phi=-126.98  ank=-66.58  alpha=-193.56
dcmd=+0  d=+0.00 | phi=-127.02  ank=-66.86  alpha=-193.89
dcmd=+0  d=-0.09 | phi=-127.00  ank=-66.67  alpha=-193.67
dcmd=+0  d=+0.00 | phi=-126.98  ank=-66.58  alpha=-193.56
dcmd=+0  d=+0.00 | phi=-127.07  ank=-66.82  alpha=-193.89
dcmd=+0  d=+0.00 | phi=-126.94  ank=-66.80  alpha=-193.73
dcmd=+0  d=-0.09 | phi=-126.98  ank=-66.99  alpha=-193.97
dcmd=+0  d=-0.09 | phi=-127.00  ank=-67.21  alpha=-194.22
dcmd=+0  d=+0.00 | phi=-126.98  ank=-66.56  alpha=-193.54
dcmd=+0  d=+0.00 | phi=-126.96  ank=-66.88  alpha=-193.84
dcmd=+0  d=+0.00 | phi=-126.94  ank=-66.80  alpha=-193.73
dcmd=+0  d=+0.00 | phi=-127.00  ank=-66.58  alpha=-193.58
dcmd=+0  d=+0.00 | phi=-126.98  ank=-66.73  alpha=-193.71
dcmd=+0  d=+0.00 | phi=-126.98  ank=-67.17  alpha=-194.15
dcmd=+0  d=+0.00 | phi=-127.00  ank=-66.86  alpha=-193.86
dcmd=+0  d=+0.00 | phi=-126.94  ank=-66.91  alpha=-193.84
dcmd=+0  d=+0.00 | phi=-126.98  ank=-66.62  alpha=-193.60
dcmd=+0  d=+0.00 | phi=-126.96  ank=-66.42  alpha=-193.38
dcmd=+0  d=+0.00 | phi=-126.96  ank=-66.77  alpha=-193.73
dcmd=+0  d=+0.00 | phi=-126.96  ank=-66.73  alpha=-193.69
dcmd=+0  d=+0.00 | phi=-126.91  ank=-66.64  alpha=-193.56
dcmd=+0  d=+0.00 | phi=-126.91  ank=-67.10  alpha=-194.02
dcmd=+0  d=-0.09 | phi=-126.94  ank=-66.93  alpha=-193.86
dcmd=+0  d=+0.00 | phi=-126.96  ank=-66.62  alpha=-193.58
dcmd=+0  d=-0.09 | phi=-126.94  ank=-66.97  alpha=-193.91
dcmd=+0  d=-0.09 | phi=-127.02  ank=-66.67  alpha=-193.69
dcmd=+0  d=+0.00 | phi=-127.02  ank=-66.77  alpha=-193.80
dcmd=+0  d=-0.09 | phi=-126.98  ank=-66.97  alpha=-193.95
dcmd=+0  d=-0.09 | phi=-126.96  ank=-66.97  alpha=-193.93
dcmd=+0  d=+0.00 | phi=-126.96  ank=-66.80  alpha=-193.75
dcmd=+0  d=+0.00 | phi=-126.96  ank=-67.10  alpha=-194.06
dcmd=+0  d=+0.00 | phi=-126.94  ank=-66.64  alpha=-193.58
dcmd=+0  d=+0.00 | phi=-126.98  ank=-66.73  alpha=-193.71
dcmd=+0  d=+0.00 | phi=-127.00  ank=-66.69  alpha=-193.69
dcmd=+0  d=+0.00 | phi=-127.00  ank=-66.71  alpha=-193.71
dcmd=+0  d=+0.00 | phi=-126.96  ank=-67.04  alpha=-194.00
dcmd=+0  d=+0.00 | phi=-126.94  ank=-66.97  alpha=-193.91
dcmd=+0  d=+0.00 | phi=-126.94  ank=-66.45  alpha=-193.38
dcmd=+0  d=+0.00 | phi=-127.00  ank=-66.71  alpha=-193.71
dcmd=+0  d=-0.09 | phi=-126.94  ank=-66.91  alpha=-193.84
dcmd=+0  d=-0.09 | phi=-126.94  ank=-66.45  alpha=-193.38
dcmd=+0  d=+0.00 | phi=-127.02  ank=-66.62  alpha=-193.65
dcmd=+0  d=+0.00 | phi=-126.96  ank=-67.04  alpha=-194.00
dcmd=+0  d=-0.09 | phi=-127.02  ank=-66.84  alpha=-193.86
dcmd=+0  d=+0.00 | phi=-127.02  ank=-66.49  alpha=-193.51
dcmd=+0  d=+0.00 | phi=-126.96  ank=-66.62  alpha=-193.58
dcmd=+0  d=+0.00 | phi=-126.96  ank=-66.51  alpha=-193.47
dcmd=+0  d=+0.00 | phi=-127.05  ank=-67.19  alpha=-194.24
dcmd=+0  d=+0.00 | phi=-126.91  ank=-66.58  alpha=-193.49
dcmd=+0  d=+0.00 | phi=-126.94  ank=-66.64  alpha=-193.58
dcmd=+0  d=-0.09 | phi=-126.96  ank=-66.51  alpha=-193.47
dcmd=+0  d=+0.00 | phi=-126.96  ank=-66.91  alpha=-193.86
dcmd=+0  d=+0.00 | phi=-127.02  ank=-66.53  alpha=-193.56
dcmd=+0  d=+0.00 | phi=-126.96  ank=-66.62  alpha=-193.58
dcmd=+0  d=-0.09 | phi=-127.00  ank=-66.38  alpha=-193.38
dcmd=+0  d=+0.00 | phi=-127.00  ank=-66.62  alpha=-193.62
dcmd=+0  d=+0.00 | phi=-126.94  ank=-66.38  alpha=-193.32
dcmd=+0  d=+0.00 | phi=-127.02  ank=-66.67  alpha=-193.69
dcmd=+0  d=+0.00 | phi=-126.94  ank=-67.28  alpha=-194.22
dcmd=+0  d=-0.09 | phi=-126.96  ank=-66.86  alpha=-193.82
dcmd=+0  d=+0.00 | phi=-126.98  ank=-66.49  alpha=-193.47
dcmd=+0  d=+0.00 | phi=-127.02  ank=-66.18  alpha=-193.21
dcmd=+0  d=+0.00 | phi=-126.98  ank=-66.99  alpha=-193.97
dcmd=+0  d=+0.00 | phi=-127.00  ank=-66.82  alpha=-193.82
dcmd=+0  d=-0.09 | phi=-127.00  ank=-66.58  alpha=-193.58
dcmd=+0  d=-0.09 | phi=-126.96  ank=-66.56  alpha=-193.51
dcmd=+0  d=-0.09 | phi=-126.96  ank=-66.84  alpha=-193.80
dcmd=+0  d=+0.00 | phi=-126.94  ank=-66.99  alpha=-193.93
dcmd=+0  d=+0.00 | phi=-126.98  ank=-66.73  alpha=-193.71
dcmd=+0  d=+0.00 | phi=-126.91  ank=-66.58  alpha=-193.49
dcmd=+0  d=+0.00 | phi=-126.96  ank=-66.34  alpha=-193.29
dcmd=+0  d=+0.00 | phi=-126.98  ank=-66.80  alpha=-193.78
dcmd=+0  d=+0.00 | phi=-127.02  ank=-66.73  alpha=-193.75
dcmd=+0  d=+0.00 | phi=-126.98  ank=-67.06  alpha=-194.04
dcmd=+0  d=+0.00 | phi=-126.94  ank=-67.06  alpha=-194.00
dcmd=+0  d=-0.09 | phi=-127.00  ank=-66.86  alpha=-193.86
dcmd=+0  d=+0.00 | phi=-126.94  ank=-66.58  alpha=-193.51
dcmd=+0  d=+0.00 | phi=-126.98  ank=-66.69  alpha=-193.67
dcmd=+0  d=-0.09 | phi=-126.98  ank=-66.67  alpha=-193.65
dcmd=+0  d=+0.00 | phi=-126.98  ank=-66.53  alpha=-193.51
dcmd=+0  d=-0.09 | phi=-127.02  ank=-67.04  alpha=-194.06
dcmd=+0  d=+0.00 | phi=-126.96  ank=-67.10  alpha=-194.06
dcmd=+0  d=+0.00 | phi=-126.94  ank=-66.88  alpha=-193.82
dcmd=+0  d=+0.00 | phi=-126.96  ank=-66.80  alpha=-193.75
dcmd=+0  d=+0.00 | phi=-126.98  ank=-66.93  alpha=-193.91
dcmd=+0  d=+0.00 | phi=-126.98  ank=-66.71  alpha=-193.69
dcmd=+0  d=+0.00 | phi=-127.00  ank=-66.80  alpha=-193.80
dcmd=+0  d=+0.00 | phi=-127.00  ank=-66.62  alpha=-193.62
dcmd=+0  d=+0.00 | phi=-126.96  ank=-66.77  alpha=-193.73
dcmd=+0  d=-0.09 | phi=-126.96  ank=-66.60  alpha=-193.56
dcmd=+0  d=-0.09 | phi=-127.00  ank=-66.67  alpha=-193.67
dcmd=+0  d=+0.00 | phi=-127.00  ank=-66.99  alpha=-194.00
dcmd=+0  d=+0.00 | phi=-126.98  ank=-66.86  alpha=-193.84
dcmd=+0  d=+0.00 | phi=-126.94  ank=-66.84  alpha=-193.78
dcmd=+0  d=+0.00 | phi=-127.00  ank=-66.84  alpha=-193.84
dcmd=+0  d=+0.00 | phi=-126.98  ank=-66.60  alpha=-193.58
dcmd=+0  d=+0.00 | phi=-126.98  ank=-67.15  alpha=-194.13
dcmd=+0  d=-0.09 | phi=-126.94  ank=-66.60  alpha=-193.54
dcmd=+0  d=+0.00 | phi=-126.98  ank=-67.24  alpha=-194.22
dcmd=+0  d=+0.00 | phi=-126.98  ank=-66.77  alpha=-193.75
dcmd=+0  d=-0.09 | phi=-127.02  ank=-66.91  alpha=-193.93
dcmd=+0  d=+0.00 | phi=-126.96  ank=-66.45  alpha=-193.40
dcmd=+0  d=-0.09 | phi=-126.96  ank=-66.75  alpha=-193.71
dcmd=+0  d=+0.00 | phi=-126.96  ank=-66.95  alpha=-193.91
dcmd=+0  d=-0.09 | phi=-126.91  ank=-66.97  alpha=-193.89
dcmd=+0  d=-0.09 | phi=-126.96  ank=-66.56  alpha=-193.51
dcmd=+0  d=-0.09 | phi=-126.94  ank=-66.77  alpha=-193.71
dcmd=+0  d=+0.00 | phi=-126.96  ank=-67.21  alpha=-194.17
dcmd=+0  d=+0.00 | phi=-126.98  ank=-66.80  alpha=-193.78
dcmd=+0  d=-0.09 | phi=-126.96  ank=-66.77  alpha=-193.73
dcmd=+0  d=-0.09 | phi=-126.98  ank=-66.75  alpha=-193.73
dcmd=+0  d=+0.00 | phi=-127.00  ank=-66.82  alpha=-193.82
dcmd=+0  d=-0.09 | phi=-126.96  ank=-66.58  alpha=-193.54
dcmd=+0  d=+0.00 | phi=-127.00  ank=-66.99  alpha=-194.00
dcmd=+0  d=+0.00 | phi=-126.98  ank=-66.77  alpha=-193.75
dcmd=+0  d=+0.00 | phi=-126.94  ank=-66.99  alpha=-193.93
dcmd=+0  d=+0.00 | phi=-126.96  ank=-66.77  alpha=-193.73
dcmd=+0  d=+0.00 | phi=-126.96  ank=-66.75  alpha=-193.71
dcmd=+0  d=+0.00 | phi=-127.05  ank=-67.08  alpha=-194.13
dcmd=+0  d=+0.00 | phi=-126.96  ank=-66.86  alpha=-193.82
dcmd=+0  d=+0.00 | phi=-126.91  ank=-67.08  alpha=-194.00
dcmd=+0  d=+0.00 | phi=-127.05  ank=-66.77  alpha=-193.82
dcmd=+0  d=-0.09 | phi=-127.00  ank=-66.73  alpha=-193.73
dcmd=+0  d=+0.00 | phi=-127.05  ank=-66.49  alpha=-193.54
dcmd=+0  d=+0.00 | phi=-126.91  ank=-66.27  alpha=-193.18
# 출력 정지 — s 로 재개 (명령은 계속 먹음)
# D,t_ms,phi_deg,ank_deg,alpha_deg,del_cmd_deg,del_now_deg
# 형식: 100Hz CSV (로거용)
# 형식: 읽기용 4Hz
# ZERO — phi_zero=10606 ank_zero=13328
dcmd=+0  d=+0.00 | phi=-0.07  ank=+0.24  alpha=+0.18
E,76695,MOVE,0
E,77997,MOVE,10
E,79471,MOVE,0
E,82677,MOVE,5
# ZERO — phi_zero=10605 ank_zero=13371
dcmd=+0  d=+0.00 | phi=-0.04  ank=-0.04  alpha=-0.09
E,87234,MOVE,0
E,89008,MOVE,10
E,90452,MOVE,0
E,110643,MOVE,40
# D,t_ms,phi_deg,ank_deg,alpha_deg,del_cmd_deg,del_now_deg
# 형식: 100Hz CSV (로거용)
E,116867,MOVE,40
# 출력 재개 (s 로 다시 정지)
D,119397,0.088,14.216,14.304,40,37.881
D,119407,0.088,14.722,14.810,40,37.793
D,119417,0.110,14.414,14.524,40,37.881
D,119427,0.110,14.370,14.480,40,37.881
D,119437,0.044,14.063,14.106,40,37.881
D,119447,0.154,14.502,14.656,40,37.793
D,119457,0.088,14.568,14.656,40,37.881
D,119467,0.132,14.546,14.678,40,37.881
D,119477,0.176,14.216,14.392,40,37.881
D,119487,0.110,14.436,14.546,40,37.881
D,119497,0.088,14.568,14.656,40,37.881
D,119507,0.154,14.546,14.700,40,37.881
D,119517,0.110,14.216,14.326,40,37.881
D,119527,0.132,14.502,14.634,40,37.793
D,119537,0.132,14.238,14.370,40,37.881
D,119547,0.132,14.854,14.985,40,37.881
D,119557,0.110,13.997,14.106,40,37.793
D,119567,0.110,14.326,14.436,40,37.793
D,119577,0.176,14.326,14.502,40,37.793
D,119587,0.198,14.656,14.854,40,37.793
D,119597,0.198,14.634,14.832,40,37.793
D,119607,0.176,14.260,14.436,40,37.793
D,119617,0.264,14.282,14.546,40,37.793
D,119627,0.154,14.216,14.370,40,37.881
D,119637,0.198,14.414,14.612,40,37.881
D,119647,0.220,14.634,14.854,40,37.881
D,119657,0.242,14.634,14.875,40,37.881
D,119667,0.132,14.392,14.524,40,37.793
D,119677,0.198,14.436,14.634,40,37.793
D,119687,0.132,14.282,14.414,40,37.793
D,119697,0.198,14.348,14.546,40,37.793
D,119707,0.154,14.326,14.480,40,37.881
D,119717,0.176,14.150,14.326,40,37.793
D,119727,0.220,14.414,14.634,40,37.793
D,119737,0.198,14.150,14.348,40,37.793
D,119747,0.132,14.326,14.458,40,37.881
D,119757,0.176,14.282,14.458,40,37.881
D,119767,0.176,14.700,14.875,40,37.881
D,119777,0.110,14.238,14.348,40,37.881
D,119787,0.176,14.414,14.590,40,37.881
D,119797,0.154,14.348,14.502,40,37.881
D,119807,0.132,14.326,14.458,40,37.881
D,119817,0.176,14.700,14.875,40,37.881
D,119827,0.154,14.612,14.766,40,37.881
D,119837,0.176,14.546,14.722,40,37.793
D,119847,0.242,14.722,14.963,40,37.881
D,119857,0.220,14.590,14.810,40,37.793
D,119867,0.154,14.568,14.722,40,37.881
D,119877,0.176,14.194,14.370,40,37.881
D,119887,0.110,14.480,14.590,40,37.881
D,119897,0.176,14.590,14.766,40,37.881
D,119907,0.154,14.326,14.480,40,37.881
D,119917,0.132,14.744,14.875,40,37.881
D,119927,0.132,14.260,14.392,40,37.881
D,119937,0.066,14.370,14.436,40,37.881
D,119947,0.198,14.568,14.766,40,37.881
D,119957,0.110,14.194,14.304,40,37.881
D,119967,0.132,14.282,14.414,40,37.793
D,119977,0.110,14.546,14.656,40,37.881
D,119987,0.132,15.007,15.139,40,37.881
D,119997,0.110,14.238,14.348,40,37.881
D,120007,0.132,13.975,14.106,40,37.793
D,120017,0.110,14.238,14.348,40,37.881
D,120027,0.110,14.458,14.568,40,37.793
D,120037,0.066,14.216,14.282,40,37.881
D,120047,0.088,14.546,14.634,40,37.881
D,120057,0.110,14.524,14.634,40,37.881
D,120067,0.088,14.458,14.546,40,37.881
D,120077,0.066,14.304,14.370,40,37.881
D,120087,0.066,14.458,14.524,40,37.881
D,120097,0.066,13.909,13.975,40,37.881
D,120107,0.022,14.568,14.590,40,37.881
D,120117,0.088,14.436,14.524,40,37.793
D,120127,0.044,14.150,14.194,40,37.881
D,120137,0.066,14.238,14.304,40,37.793
D,120147,0.022,14.106,14.128,40,37.881
D,120157,0.044,14.788,14.832,40,37.793
D,120167,-0.022,14.260,14.238,40,37.881
D,120177,0.044,14.502,14.546,40,37.793
D,120187,0.066,14.414,14.480,40,37.793
D,120197,0.000,14.502,14.502,40,37.793
D,120207,0.000,14.458,14.458,40,37.793
D,120217,-0.022,14.194,14.172,40,37.881
D,120227,-0.022,14.041,14.019,40,37.881
D,120237,-0.022,14.875,14.854,40,37.881
D,120247,-0.022,14.919,14.897,40,37.881
D,120257,-0.044,14.392,14.348,40,37.881
D,120267,0.000,14.524,14.524,40,37.793
D,120277,0.022,14.700,14.722,40,37.881
D,120287,-0.022,14.326,14.304,40,37.881
D,120297,-0.066,14.348,14.282,40,37.793
D,120307,-0.066,14.304,14.238,40,37.881
D,120317,-0.022,14.612,14.590,40,37.793
D,120327,0.022,14.480,14.502,40,37.881
D,120337,-0.066,13.909,13.843,40,37.881
D,120347,-0.022,14.546,14.524,40,37.881
D,120357,-0.088,14.502,14.414,40,37.881
D,120367,-0.088,14.172,14.084,40,37.881
D,120377,-0.132,14.854,14.722,40,37.793
D,120387,-0.022,14.084,14.063,40,37.793
D,120397,-0.110,14.370,14.260,40,37.881
D,120407,-0.132,14.392,14.260,40,37.881
D,120417,-0.088,14.634,14.546,40,37.793
D,120427,-0.022,14.172,14.150,40,37.881
D,120437,-0.132,14.392,14.260,40,37.793
D,120447,-0.044,14.436,14.392,40,37.881
D,120457,-0.088,14.590,14.502,40,37.881
D,120467,-0.088,13.997,13.909,40,37.881
D,120477,-0.088,14.392,14.304,40,37.881
D,120487,-0.132,14.875,14.744,40,37.881
D,120497,-0.132,14.634,14.502,40,37.881
D,120507,-0.110,14.744,14.634,40,37.881
D,120517,-0.132,14.788,14.656,40,37.881
D,120527,-0.088,14.832,14.744,40,37.881
D,120537,-0.154,14.678,14.524,40,37.881
D,120547,-0.088,14.414,14.326,40,37.793
D,120557,-0.132,14.502,14.370,40,37.881
D,120567,-0.132,14.480,14.348,40,37.881
D,120577,-0.154,14.458,14.304,40,37.793
D,120587,-0.132,14.150,14.019,40,37.793
D,120597,-0.088,14.414,14.326,40,37.881
D,120607,-0.154,14.128,13.975,40,37.881
D,120617,-0.176,14.282,14.106,40,37.793
D,120627,-0.154,14.414,14.260,40,37.881
D,120637,-0.088,14.480,14.392,40,37.793
D,120647,-0.154,14.590,14.436,40,37.881
D,120657,-0.154,14.590,14.436,40,37.881
D,120667,-0.110,14.678,14.568,40,37.881
D,120677,-0.110,14.919,14.810,40,37.881
D,120687,-0.088,14.436,14.348,40,37.793
D,120697,-0.110,14.150,14.041,40,37.881
D,120707,-0.088,13.777,13.689,40,37.881
D,120717,-0.066,14.832,14.766,40,37.881
D,120727,-0.110,14.722,14.612,40,37.793
D,120737,-0.110,14.348,14.238,40,37.881
D,120747,-0.110,14.524,14.414,40,37.881
D,120757,-0.088,14.370,14.282,40,37.793
D,120767,-0.088,14.546,14.458,40,37.793
D,120777,-0.154,14.414,14.260,40,37.881
D,120787,-0.132,14.348,14.216,40,37.881
D,120797,-0.088,14.216,14.128,40,37.881
D,120807,-0.198,14.150,13.953,40,37.793
D,120817,-0.132,14.370,14.238,40,37.881
D,120827,-0.154,14.524,14.370,40,37.881
D,120837,-0.044,14.634,14.590,40,37.881
D,120847,-0.132,14.875,14.744,40,37.881
D,120857,-0.132,14.656,14.524,40,37.881
D,120867,-0.066,14.194,14.128,40,37.881
D,120877,-0.132,14.414,14.282,40,37.881
D,120887,-0.066,14.414,14.348,40,37.793
D,120897,-0.066,14.722,14.656,40,37.881
D,120907,-0.088,14.436,14.348,40,37.881
D,120917,-0.088,14.590,14.502,40,37.793
D,120927,-0.022,14.414,14.392,40,37.793
D,120937,-0.066,14.766,14.700,40,37.881
D,120947,-0.088,14.348,14.260,40,37.881
D,120957,-0.088,14.546,14.458,40,37.881
D,120967,-0.088,13.997,13.909,40,37.881
D,120977,-0.066,14.172,14.106,40,37.881
D,120987,-0.022,14.326,14.304,40,37.793
D,120997,-0.022,14.106,14.084,40,37.793
D,121007,-0.044,14.766,14.722,40,37.881
D,121017,0.000,14.480,14.480,40,37.793
D,121027,-0.022,14.612,14.590,40,37.793
D,121037,-0.022,14.414,14.392,40,37.881
D,121047,-0.044,14.128,14.084,40,37.881
D,121057,-0.022,14.348,14.326,40,37.793
D,121067,-0.044,14.524,14.480,40,37.793
D,121077,0.000,14.260,14.260,40,37.881
D,121087,-0.088,14.744,14.656,40,37.793
D,121097,-0.066,14.744,14.678,40,37.881
D,121107,0.000,14.590,14.590,40,37.793
D,121117,-0.044,14.392,14.348,40,37.881
D,121127,0.022,14.612,14.634,40,37.881
D,121137,0.022,14.458,14.480,40,37.881
D,121147,-0.022,13.953,13.931,40,37.881
D,121157,0.066,14.194,14.260,40,37.793
D,121167,0.044,14.678,14.722,40,37.793
D,121177,0.066,14.216,14.282,40,37.793
D,121187,0.022,14.304,14.326,40,37.881
D,121197,0.000,14.392,14.392,40,37.881
D,121207,0.000,14.348,14.348,40,37.881
D,121217,0.110,14.458,14.568,40,37.881
D,121227,0.088,14.238,14.326,40,37.793
D,121237,0.088,14.282,14.370,40,37.881
D,121247,0.022,14.304,14.326,40,37.881
D,121257,0.088,14.436,14.524,40,37.793
D,121267,0.066,14.590,14.656,40,37.793
D,121277,0.088,14.480,14.568,40,37.881
D,121287,0.066,14.238,14.304,40,37.881
D,121297,0.110,14.282,14.392,40,37.881
D,121307,0.088,14.414,14.502,40,37.881
D,121317,0.044,14.612,14.656,40,37.793
D,121327,0.066,14.568,14.634,40,37.793
D,121337,0.044,14.128,14.172,40,37.881
D,121347,0.110,14.634,14.744,40,37.793
D,121357,0.066,14.194,14.260,40,37.881
D,121367,0.132,14.392,14.524,40,37.793
D,121377,0.088,14.502,14.590,40,37.881
D,121387,0.066,14.150,14.216,40,37.881
D,121397,0.110,14.326,14.436,40,37.881
D,121407,0.154,14.502,14.656,40,37.881
D,121417,0.154,15.227,15.381,40,37.881
D,121427,0.198,14.084,14.282,40,37.881
D,121437,0.132,14.304,14.436,40,37.881
D,121447,0.132,14.480,14.612,40,37.881
D,121457,0.110,14.194,14.304,40,37.881
D,121467,0.110,14.063,14.172,40,37.793
D,121477,0.110,14.304,14.414,40,37.881
D,121487,0.132,14.304,14.436,40,37.793
D,121497,0.154,14.436,14.590,40,37.881
D,121507,0.132,14.326,14.458,40,37.793
D,121517,0.110,14.260,14.370,40,37.793
D,121527,0.110,14.084,14.194,40,37.793
D,121537,0.198,14.304,14.502,40,37.793
D,121547,0.132,14.480,14.612,40,37.793
D,121557,0.110,14.238,14.348,40,37.793
D,121567,0.154,14.546,14.700,40,37.793
D,121577,0.088,14.304,14.392,40,37.881
D,121587,0.176,14.172,14.348,40,37.881
D,121597,0.110,14.656,14.766,40,37.793
D,121607,0.176,14.282,14.458,40,37.881
D,121617,0.088,14.370,14.458,40,37.793
D,121627,0.154,14.348,14.502,40,37.793
D,121637,0.110,14.985,15.095,40,37.881
D,121647,0.154,14.590,14.744,40,37.793
D,121657,0.154,14.766,14.919,40,37.793
D,121667,0.132,14.810,14.941,40,37.881
D,121677,0.132,14.392,14.524,40,37.881
D,121687,0.132,14.656,14.788,40,37.881
D,121697,0.088,14.524,14.612,40,37.881
D,121707,0.154,14.612,14.766,40,37.793
D,121717,0.176,14.480,14.656,40,37.881
D,121727,0.176,14.260,14.436,40,37.881
D,121737,0.132,14.326,14.458,40,37.793
D,121747,0.132,14.392,14.524,40,37.881
D,121757,0.132,14.326,14.458,40,37.793
D,121767,0.154,14.678,14.832,40,37.881
D,121777,0.088,14.612,14.700,40,37.881
D,121787,0.088,14.238,14.326,40,37.881
D,121797,0.154,14.063,14.216,40,37.881
D,121807,0.110,14.744,14.854,40,37.793
D,121817,0.066,14.612,14.678,40,37.881
D,121827,0.154,14.656,14.810,40,37.881
D,121837,0.154,14.810,14.963,40,37.881
D,121847,0.088,14.612,14.700,40,37.793
D,121857,0.110,14.458,14.568,40,37.793
D,121867,0.110,14.590,14.700,40,37.881
D,121877,0.088,14.348,14.436,40,37.793
D,121887,0.088,14.458,14.546,40,37.793
D,121897,0.066,14.348,14.414,40,37.881
D,121907,0.110,14.194,14.304,40,37.793
D,121917,0.088,14.480,14.568,40,37.881
D,121927,0.110,14.238,14.348,40,37.881
D,121937,0.088,14.392,14.480,40,37.881
D,121947,0.022,14.370,14.392,40,37.793
D,121957,0.066,14.832,14.897,40,37.881
D,121967,0.066,14.282,14.348,40,37.881
D,121977,0.088,14.194,14.282,40,37.881
D,121987,0.044,14.590,14.634,40,37.881
D,121997,0.044,14.194,14.238,40,37.881
D,122007,0.088,14.524,14.612,40,37.881
D,122017,0.022,14.216,14.238,40,37.881
D,122027,0.066,14.370,14.436,40,37.881
D,122037,0.022,14.678,14.700,40,37.793
D,122047,0.000,14.744,14.744,40,37.881
D,122057,-0.044,14.194,14.150,40,37.793
D,122067,0.022,14.063,14.084,40,37.881
D,122077,0.044,14.612,14.656,40,37.881
D,122087,0.000,14.348,14.348,40,37.793
D,122097,0.000,14.326,14.326,40,37.881
D,122107,0.022,14.634,14.656,40,37.793
D,122117,0.000,14.019,14.019,40,37.793
D,122127,-0.044,14.678,14.634,40,37.793
D,122137,-0.022,14.722,14.700,40,37.793
D,122147,-0.022,14.150,14.128,40,37.793
D,122157,0.044,14.304,14.348,40,37.793
D,122167,-0.044,14.480,14.436,40,37.881
D,122177,-0.022,14.128,14.106,40,37.793
D,122187,-0.022,14.238,14.216,40,37.793
D,122197,-0.132,14.326,14.194,40,37.793
D,122207,0.000,14.436,14.436,40,37.881
D,122217,-0.044,14.480,14.436,40,37.881
D,122227,-0.088,14.480,14.392,40,37.881
D,122237,0.000,14.722,14.722,40,37.881
D,122247,0.000,14.744,14.744,40,37.881
D,122257,-0.022,14.238,14.216,40,37.793
D,122267,-0.044,14.502,14.458,40,37.881
D,122277,-0.088,14.106,14.019,40,37.793
D,122287,-0.088,14.348,14.260,40,37.881
D,122297,-0.066,14.524,14.458,40,37.881
D,122307,-0.110,14.436,14.326,40,37.881
D,122317,-0.088,14.414,14.326,40,37.881
D,122327,-0.088,14.436,14.348,40,37.793
D,122337,-0.110,14.348,14.238,40,37.881
D,122347,-0.088,14.568,14.480,40,37.881
D,122357,-0.088,14.348,14.260,40,37.793
D,122367,-0.110,14.282,14.172,40,37.793
D,122377,-0.088,14.546,14.458,40,37.881
D,122387,-0.044,13.953,13.909,40,37.881
D,122397,-0.088,14.612,14.524,40,37.881
D,122407,-0.066,14.392,14.326,40,37.881
D,122417,-0.088,14.524,14.436,40,37.793
D,122427,-0.066,14.788,14.722,40,37.881
D,122437,-0.110,14.832,14.722,40,37.793
D,122447,-0.088,14.172,14.084,40,37.881
D,122457,-0.132,13.821,13.689,40,37.793
D,122467,-0.088,14.063,13.975,40,37.793
D,122477,-0.154,14.458,14.304,40,37.793
D,122487,-0.088,14.216,14.128,40,37.793
D,122497,-0.066,14.656,14.590,40,37.881
D,122507,-0.132,13.997,13.865,40,37.881
D,122517,-0.088,14.392,14.304,40,37.793
D,122527,-0.088,14.678,14.590,40,37.793
D,122537,-0.176,14.150,13.975,40,37.881
D,122547,-0.154,14.458,14.304,40,37.793
D,122557,-0.088,14.458,14.370,40,37.793
D,122567,-0.132,14.414,14.282,40,37.881
D,122577,-0.110,14.392,14.282,40,37.793
D,122587,-0.110,14.128,14.019,40,37.793
D,122597,-0.088,14.304,14.216,40,37.881
D,122607,-0.066,14.216,14.150,40,37.881
D,122617,-0.110,14.634,14.524,40,37.793
D,122627,-0.154,14.260,14.106,40,37.793
D,122637,-0.132,14.502,14.370,40,37.793
D,122647,-0.066,14.326,14.260,40,37.881
D,122657,-0.066,14.150,14.084,40,37.881
D,122667,-0.176,14.458,14.282,40,37.881
D,122677,-0.066,14.414,14.348,40,37.793
D,122687,-0.088,14.106,14.019,40,37.881
D,122697,-0.110,14.370,14.260,40,37.881
D,122707,-0.022,14.304,14.282,40,37.881
D,122717,-0.088,14.282,14.194,40,37.881
D,122727,-0.088,14.502,14.414,40,37.793
D,122737,-0.044,14.414,14.370,40,37.793
D,122747,-0.088,14.084,13.997,40,37.881
D,122757,-0.044,14.480,14.436,40,37.793
D,122767,-0.044,14.326,14.282,40,37.881
D,122777,-0.132,14.897,14.766,40,37.793
D,122787,-0.132,14.392,14.260,40,37.881
D,122797,-0.066,13.843,13.777,40,37.881
D,122807,-0.044,14.546,14.502,40,37.881
D,122817,-0.022,14.041,14.019,40,37.881
D,122827,-0.044,14.546,14.502,40,37.881
D,122837,0.022,13.931,13.953,40,37.793
D,122847,-0.110,14.063,13.953,40,37.793
D,122857,-0.066,14.238,14.172,40,37.881
D,122867,-0.088,14.282,14.194,40,37.881
D,122877,-0.044,14.546,14.502,40,37.881
D,122887,0.044,14.348,14.392,40,37.793
D,122897,-0.022,14.128,14.106,40,37.881
D,122907,0.022,14.260,14.282,40,37.793
D,122917,0.000,14.458,14.458,40,37.793
D,122927,-0.044,14.128,14.084,40,37.881
D,122937,-0.044,14.568,14.524,40,37.881
D,122947,0.000,14.744,14.744,40,37.793
D,122957,0.022,14.106,14.128,40,37.881
D,122967,0.022,14.678,14.700,40,37.881
D,122977,0.022,14.238,14.260,40,37.881
D,122987,0.044,14.612,14.656,40,37.881
D,122997,0.022,13.953,13.975,40,37.881
D,123007,-0.022,14.656,14.634,40,37.793
D,123017,-0.022,14.326,14.304,40,37.881
D,123027,0.022,14.436,14.458,40,37.881
D,123037,0.044,14.766,14.810,40,37.881
D,123047,0.044,14.568,14.612,40,37.881
D,123057,0.066,14.063,14.128,40,37.881
D,123067,-0.022,14.612,14.590,40,37.881
D,123077,0.066,14.150,14.216,40,37.793
D,123087,0.022,14.612,14.634,40,37.881
D,123097,0.044,14.546,14.590,40,37.881
D,123107,0.088,14.172,14.260,40,37.881
D,123117,0.066,14.480,14.546,40,37.881
D,123127,0.066,14.436,14.502,40,37.881
D,123137,0.088,14.722,14.810,40,37.793
D,123147,0.066,14.084,14.150,40,37.881
D,123157,0.044,14.612,14.656,40,37.793
D,123167,0.066,14.678,14.744,40,37.881
D,123177,0.088,14.326,14.414,40,37.793
D,123187,0.110,14.766,14.875,40,37.793
D,123197,0.088,14.106,14.194,40,37.881
D,123207,0.088,14.304,14.392,40,37.793
D,123217,0.154,14.524,14.678,40,37.881
D,123227,0.088,14.216,14.304,40,37.793
D,123237,0.132,14.084,14.216,40,37.881
D,123247,0.088,14.700,14.788,40,37.881
D,123257,0.154,14.019,14.172,40,37.793
D,123267,0.132,14.348,14.480,40,37.793
D,123277,0.088,14.348,14.436,40,37.881
D,123287,0.110,14.348,14.458,40,37.881
D,123297,0.132,14.216,14.348,40,37.793
D,123307,0.132,14.348,14.480,40,37.793
D,123317,0.066,14.084,14.150,40,37.793
D,123327,0.132,14.304,14.436,40,37.793
D,123337,0.110,14.150,14.260,40,37.881
D,123347,0.154,14.546,14.700,40,37.793
D,123357,0.132,14.216,14.348,40,37.793
D,123367,0.132,14.326,14.458,40,37.793
D,123377,0.088,14.150,14.238,40,37.881
D,123387,0.198,14.722,14.919,40,37.793
D,123397,0.110,14.568,14.678,40,37.881
D,123407,0.154,14.414,14.568,40,37.793
D,123417,0.132,14.502,14.634,40,37.881
D,123427,0.154,14.854,15.007,40,37.881
D,123437,0.066,14.788,14.854,40,37.881
D,123447,0.110,14.216,14.326,40,37.881
D,123457,0.198,14.392,14.590,40,37.881
D,123467,0.132,14.458,14.590,40,37.881
D,123477,0.088,14.282,14.370,40,37.793
D,123487,0.154,14.480,14.634,40,37.881
D,123497,0.088,14.700,14.788,40,37.881
D,123507,0.110,14.172,14.282,40,37.793
D,123517,0.132,14.282,14.414,40,37.793
D,123527,0.088,14.063,14.150,40,37.793
D,123537,0.088,14.722,14.810,40,37.793
D,123547,0.110,14.656,14.766,40,37.881
D,123557,0.154,14.722,14.875,40,37.881
D,123567,0.132,14.106,14.238,40,37.881
D,123577,0.110,14.634,14.744,40,37.881
D,123587,0.110,14.524,14.634,40,37.881
D,123597,0.110,14.612,14.722,40,37.881
D,123607,0.110,14.875,14.985,40,37.793
D,123617,0.132,14.019,14.150,40,37.881
D,123627,0.132,14.172,14.304,40,37.881
D,123637,0.066,14.260,14.326,40,37.881
D,123647,0.088,14.260,14.348,40,37.793
D,123657,0.088,14.590,14.678,40,37.881
D,123667,0.088,14.216,14.304,40,37.881
D,123677,0.044,14.304,14.348,40,37.793
D,123687,0.154,14.436,14.590,40,37.881
D,123697,0.176,14.458,14.634,40,37.881
D,123707,0.022,14.963,14.985,40,37.881
D,123717,0.066,14.744,14.810,40,37.881
D,123727,0.110,14.612,14.722,40,37.881
D,123737,0.110,14.106,14.216,40,37.881
D,123747,0.110,14.172,14.282,40,37.881
D,123757,0.066,14.480,14.546,40,37.881
D,123767,0.066,14.414,14.480,40,37.881
D,123777,0.000,14.392,14.392,40,37.793
D,123787,0.066,14.875,14.941,40,37.881
D,123797,-0.022,14.480,14.458,40,37.881
D,123807,0.066,14.480,14.546,40,37.881
D,123817,0.088,14.744,14.832,40,37.793
D,123827,0.044,14.722,14.766,40,37.881
D,123837,0.044,14.216,14.260,40,37.793
D,123847,0.088,14.678,14.766,40,37.793
D,123857,0.022,14.172,14.194,40,37.793
D,123867,0.022,14.326,14.348,40,37.881
D,123877,0.066,14.810,14.875,40,37.793
D,123887,0.000,14.722,14.722,40,37.881
D,123897,0.022,14.524,14.546,40,37.793
D,123907,-0.022,14.216,14.194,40,37.793
D,123917,0.000,14.348,14.348,40,37.793
D,123927,0.022,14.700,14.722,40,37.881
D,123937,0.000,14.304,14.304,40,37.793
D,123947,-0.022,14.194,14.172,40,37.793
D,123957,0.000,14.590,14.590,40,37.881
D,123967,-0.044,14.612,14.568,40,37.881
D,123977,0.022,14.414,14.436,40,37.793
D,123987,-0.044,14.480,14.436,40,37.881
D,123997,-0.022,14.458,14.436,40,37.881
D,124007,0.000,14.194,14.194,40,37.881
D,124017,-0.044,14.260,14.216,40,37.793
D,124027,0.000,14.370,14.370,40,37.793
D,124037,0.000,14.480,14.480,40,37.793
D,124047,0.000,14.744,14.744,40,37.881
D,124057,-0.022,14.634,14.612,40,37.881
D,124067,-0.044,14.524,14.480,40,37.881
D,124077,-0.044,14.546,14.502,40,37.881
D,124087,-0.022,14.326,14.304,40,37.881
D,124097,-0.066,14.128,14.063,40,37.881
D,124107,0.022,14.612,14.634,40,37.881
D,124117,0.000,14.326,14.326,40,37.881
D,124127,-0.044,14.458,14.414,40,37.881
D,124137,-0.066,14.766,14.700,40,37.881
D,124147,-0.132,14.524,14.392,40,37.881
D,124157,-0.066,14.546,14.480,40,37.793
D,124167,-0.066,14.216,14.150,40,37.793
D,124177,-0.066,14.875,14.810,40,37.793
D,124187,-0.132,14.524,14.392,40,37.793
D,124197,-0.110,14.128,14.019,40,37.793
D,124207,-0.066,14.304,14.238,40,37.881
D,124217,-0.066,14.590,14.524,40,37.881
D,124227,-0.066,14.282,14.216,40,37.881
D,124237,-0.022,14.326,14.304,40,37.793
D,124247,-0.088,14.392,14.304,40,37.881
D,124257,-0.022,14.480,14.458,40,37.793
D,124267,-0.088,14.524,14.436,40,37.793
D,124277,-0.044,14.041,13.997,40,37.881
D,124287,-0.132,14.941,14.810,40,37.793
D,124297,-0.088,14.348,14.260,40,37.881
D,124307,-0.110,14.722,14.612,40,37.793
D,124317,-0.066,14.656,14.590,40,37.793
D,124327,-0.044,14.480,14.436,40,37.881
D,124337,-0.110,14.480,14.370,40,37.881
D,124347,-0.088,14.414,14.326,40,37.881
D,124357,-0.066,14.370,14.304,40,37.793
D,124367,-0.154,14.216,14.063,40,37.881
D,124377,-0.088,14.634,14.546,40,37.793
D,124387,-0.132,14.458,14.326,40,37.881
D,124397,-0.066,14.260,14.194,40,37.793
D,124407,-0.088,14.150,14.063,40,37.793
D,124417,-0.110,14.546,14.436,40,37.881
D,124427,-0.044,14.612,14.568,40,37.793
D,124437,-0.110,14.392,14.282,40,37.793
D,124447,-0.110,14.480,14.370,40,37.793
D,124457,-0.088,15.007,14.919,40,37.881
D,124467,-0.154,14.458,14.304,40,37.881
D,124477,-0.022,14.348,14.326,40,37.793
D,124487,-0.132,14.084,13.953,40,37.881
D,124497,-0.044,14.326,14.282,40,37.881
D,124507,-0.154,14.590,14.436,40,37.881
D,124517,-0.110,14.436,14.326,40,37.793
D,124527,-0.088,14.370,14.282,40,37.793
D,124537,-0.088,14.458,14.370,40,37.793
D,124547,-0.066,14.502,14.436,40,37.881
D,124557,-0.066,14.260,14.194,40,37.881
D,124567,-0.022,14.546,14.524,40,37.881
D,124577,-0.044,14.282,14.238,40,37.881
D,124587,-0.110,14.370,14.260,40,37.881
D,124597,-0.066,14.634,14.568,40,37.793
D,124607,-0.088,14.854,14.766,40,37.793
D,124617,-0.066,14.414,14.348,40,37.881
D,124627,-0.110,14.524,14.414,40,37.881
D,124637,0.000,14.436,14.436,40,37.881
D,124647,-0.110,14.480,14.370,40,37.881
D,124657,-0.088,14.568,14.480,40,37.881
D,124667,-0.066,14.678,14.612,40,37.881
D,124677,-0.066,14.194,14.128,40,37.881
D,124687,0.000,14.524,14.524,40,37.881
D,124697,-0.044,14.282,14.238,40,37.793
D,124707,-0.022,14.260,14.238,40,37.881
D,124717,0.000,14.480,14.480,40,37.793
D,124727,-0.044,14.590,14.546,40,37.793
D,124737,0.000,14.238,14.238,40,37.881
D,124747,0.044,14.612,14.656,40,37.881
D,124757,-0.110,14.370,14.260,40,37.793
D,124767,0.000,14.216,14.216,40,37.881
D,124777,0.044,14.348,14.392,40,37.793
D,124787,-0.022,14.150,14.128,40,37.793
D,124797,-0.022,14.194,14.172,40,37.793
D,124807,0.022,14.326,14.348,40,37.881
D,124817,-0.022,14.370,14.348,40,37.881
D,124827,0.000,14.788,14.788,40,37.881
D,124837,0.066,14.722,14.788,40,37.793
D,124847,0.000,14.788,14.788,40,37.881
D,124857,0.000,14.634,14.634,40,37.881
D,124867,0.000,14.326,14.326,40,37.793
D,124877,0.088,14.766,14.854,40,37.881
D,124887,0.066,14.634,14.700,40,37.793
D,124897,0.066,14.348,14.414,40,37.881
D,124907,0.044,14.502,14.546,40,37.793
D,124917,0.022,13.931,13.953,40,37.881
D,124927,0.066,13.931,13.997,40,37.881
D,124937,0.066,14.260,14.326,40,37.881
D,124947,0.088,14.722,14.810,40,37.881
D,124957,0.088,14.546,14.634,40,37.881
D,124967,0.000,14.524,14.524,40,37.881
D,124977,0.022,14.304,14.326,40,37.793
D,124987,0.000,14.875,14.875,40,37.793
D,124997,0.088,14.063,14.150,40,37.793
D,125007,0.154,14.436,14.590,40,37.881
D,125017,0.066,14.656,14.722,40,37.881
D,125027,0.044,14.722,14.766,40,37.793
D,125037,0.110,14.414,14.524,40,37.793
D,125047,0.066,14.238,14.304,40,37.881
D,125057,0.044,14.480,14.524,40,37.793
D,125067,0.088,14.063,14.150,40,37.881
D,125077,0.066,14.326,14.392,40,37.881
D,125087,0.066,14.019,14.084,40,37.881
D,125097,0.110,14.348,14.458,40,37.881
D,125107,0.154,14.370,14.524,40,37.793
D,125117,0.110,14.634,14.744,40,37.881
D,125127,0.022,14.304,14.326,40,37.793
D,125137,0.132,14.480,14.612,40,37.793
D,125147,0.132,14.106,14.238,40,37.881
D,125157,0.066,14.216,14.282,40,37.881
D,125167,0.066,14.810,14.875,40,37.881
D,125177,0.088,14.238,14.326,40,37.881
D,125187,0.154,14.722,14.875,40,37.793
D,125197,0.132,14.128,14.260,40,37.881
D,125207,0.132,14.282,14.414,40,37.793
D,125217,0.132,14.150,14.282,40,37.881
D,125227,0.176,14.370,14.546,40,37.793
D,125237,0.154,13.865,14.019,40,37.881
D,125247,0.132,14.304,14.436,40,37.881
D,125257,0.110,14.502,14.612,40,37.881
D,125267,0.110,14.524,14.634,40,37.793
D,125277,0.132,14.458,14.590,40,37.793
D,125287,0.110,14.634,14.744,40,37.793
D,125297,0.110,14.238,14.348,40,37.881
D,125307,0.110,14.568,14.678,40,37.793
D,125317,0.132,14.326,14.458,40,37.793
D,125327,0.088,14.788,14.875,40,37.881
D,125337,0.154,14.612,14.766,40,37.793
D,125347,0.066,14.546,14.612,40,37.881
D,125357,0.154,14.348,14.502,40,37.793
D,125367,0.132,14.348,14.480,40,37.881
dcmd=+40  d=+37.88 | phi=+0.15  ank=+14.77  alpha=+14.92 | alpha/d=0.394
# 출력 정지 — s 로 재개 (명령은 계속 먹음)
E,127602,MOVE,30
# 출력 재개 (s 로 다시 정지)
D,130199,-0.022,10.679,10.657,30,29.180
D,130209,0.022,10.129,10.151,30,29.180
D,130219,-0.022,10.767,10.745,30,29.180
D,130229,0.000,10.613,10.613,30,29.180
D,130239,0.022,10.327,10.349,30,29.092
D,130249,0.000,10.415,10.415,30,29.180
D,130259,-0.022,11.030,11.008,30,29.180
D,130269,0.088,10.679,10.767,30,29.092
D,130279,0.044,10.569,10.613,30,29.092
D,130289,-0.022,10.942,10.920,30,29.180
D,130299,0.044,10.767,10.811,30,29.180
D,130309,0.000,10.767,10.767,30,29.092
D,130319,0.022,10.876,10.898,30,29.092
D,130329,0.088,10.833,10.920,30,29.180
D,130339,-0.044,10.261,10.217,30,29.180
D,130349,-0.022,11.052,11.030,30,29.092
D,130359,0.044,10.833,10.876,30,29.180
D,130369,0.022,10.964,10.986,30,29.180
D,130379,0.066,11.074,11.140,30,29.180
D,130389,-0.022,10.986,10.964,30,29.092
D,130399,-0.022,11.074,11.052,30,29.180
D,130409,-0.022,10.767,10.745,30,29.180
D,130419,-0.022,11.338,11.316,30,29.180
D,130429,-0.088,10.525,10.437,30,29.180
D,130439,0.022,10.767,10.789,30,29.180
D,130449,0.000,10.635,10.635,30,29.180
D,130459,0.022,10.547,10.569,30,29.180
D,130469,-0.022,10.745,10.723,30,29.092
D,130479,-0.066,10.942,10.876,30,29.180
D,130489,-0.022,11.228,11.206,30,29.092
D,130499,0.044,10.503,10.547,30,29.180
D,130509,-0.022,10.481,10.459,30,29.092
D,130519,-0.088,10.767,10.679,30,29.180
D,130529,-0.066,10.481,10.415,30,29.180
D,130539,-0.022,10.459,10.437,30,29.180
D,130549,-0.044,10.635,10.591,30,29.180
D,130559,-0.022,10.942,10.920,30,29.180
D,130569,0.000,10.920,10.920,30,29.092
D,130579,-0.044,11.140,11.096,30,29.180
D,130589,-0.022,10.745,10.723,30,29.092
D,130599,-0.022,10.569,10.547,30,29.180
D,130609,0.066,10.613,10.679,30,29.180
D,130619,-0.066,10.920,10.854,30,29.180
D,130629,0.022,10.833,10.854,30,29.092
D,130639,-0.022,10.613,10.591,30,29.180
D,130649,0.044,10.876,10.920,30,29.092
D,130659,0.000,10.789,10.789,30,29.180
D,130669,0.044,10.415,10.459,30,29.092
D,130679,0.066,10.547,10.613,30,29.180
D,130689,0.044,11.030,11.074,30,29.180
D,130699,0.044,10.745,10.789,30,29.180
D,130709,0.044,11.074,11.118,30,29.180
D,130719,-0.022,10.942,10.920,30,29.180
D,130729,0.000,11.250,11.250,30,29.180
D,130739,0.088,11.162,11.250,30,29.092
D,130749,0.066,10.986,11.052,30,29.092
D,130759,0.110,10.767,10.876,30,29.180
D,130769,-0.022,10.525,10.503,30,29.092
D,130779,-0.022,10.898,10.876,30,29.092
D,130789,0.044,10.525,10.569,30,29.092
D,130799,0.044,10.701,10.745,30,29.092
D,130809,0.000,10.635,10.635,30,29.092
D,130819,0.066,10.876,10.942,30,29.180
D,130829,0.000,10.591,10.591,30,29.180
D,130839,0.022,11.118,11.140,30,29.180
D,130849,-0.044,10.789,10.745,30,29.180
D,130859,0.044,10.964,11.008,30,29.180
D,130869,0.022,10.525,10.547,30,29.180
D,130879,0.022,11.008,11.030,30,29.180
D,130889,0.022,10.811,10.833,30,29.092
D,130899,0.044,10.876,10.920,30,29.092
D,130909,0.044,10.898,10.942,30,29.180
D,130919,-0.022,10.833,10.811,30,29.180
D,130929,0.044,10.129,10.173,30,29.092
D,130939,0.066,10.964,11.030,30,29.180
D,130949,-0.022,10.723,10.701,30,29.092
D,130959,0.088,10.942,11.030,30,29.092
D,130969,0.000,10.437,10.437,30,29.180
D,130979,0.044,10.876,10.920,30,29.180
D,130989,0.066,11.074,11.140,30,29.180
D,130999,0.044,10.701,10.745,30,29.180
D,131009,0.066,10.305,10.371,30,29.092
D,131019,0.022,10.942,10.964,30,29.092
D,131029,0.066,10.942,11.008,30,29.092
D,131039,0.088,10.767,10.854,30,29.092
D,131049,0.066,10.635,10.701,30,29.092
D,131059,0.088,10.481,10.569,30,29.180
D,131069,0.066,10.217,10.283,30,29.180
D,131079,0.044,10.657,10.701,30,29.180
D,131089,0.066,10.723,10.789,30,29.180
D,131099,0.088,10.854,10.942,30,29.180
D,131109,0.066,10.305,10.371,30,29.180
D,131119,0.110,11.140,11.250,30,29.180
D,131129,0.088,10.811,10.898,30,29.180
D,131139,0.088,10.305,10.393,30,29.092
D,131149,0.110,11.140,11.250,30,29.180
D,131159,0.088,10.657,10.745,30,29.180
D,131169,0.132,10.613,10.745,30,29.180
D,131179,0.088,11.030,11.118,30,29.180
D,131189,0.088,10.701,10.789,30,29.092
D,131199,0.066,10.854,10.920,30,29.180
D,131209,0.088,10.964,11.052,30,29.092
D,131219,0.088,10.723,10.811,30,29.180
D,131229,0.066,10.173,10.239,30,29.180
D,131239,0.066,10.547,10.613,30,29.180
D,131249,0.088,10.898,10.986,30,29.180
D,131259,0.088,10.854,10.942,30,29.092
D,131269,0.110,10.701,10.811,30,29.092
D,131279,0.066,11.118,11.184,30,29.180
D,131289,0.088,11.140,11.228,30,29.180
D,131299,0.066,10.349,10.415,30,29.180
D,131309,0.066,10.701,10.767,30,29.092
D,131319,0.044,10.635,10.679,30,29.180
D,131329,0.066,10.591,10.657,30,29.180
D,131339,0.066,10.613,10.679,30,29.180
D,131349,0.000,11.008,11.008,30,29.092
D,131359,0.066,10.393,10.459,30,29.180
D,131369,0.000,11.030,11.030,30,29.180
D,131379,0.044,10.811,10.854,30,29.180
D,131389,0.088,10.635,10.723,30,29.180
D,131399,0.044,10.854,10.898,30,29.180
D,131409,0.110,11.052,11.162,30,29.180
D,131419,0.000,10.701,10.701,30,29.180
D,131429,0.110,10.745,10.854,30,29.180
D,131439,0.066,10.547,10.613,30,29.092
D,131449,0.088,10.898,10.986,30,29.180
D,131459,0.088,10.854,10.942,30,29.180
D,131469,0.088,10.657,10.745,30,29.180
D,131479,0.088,10.723,10.811,30,29.180
D,131489,0.154,10.745,10.898,30,29.180
D,131499,0.066,10.459,10.525,30,29.180
D,131509,0.066,10.723,10.789,30,29.180
D,131519,0.044,10.547,10.591,30,29.092
D,131529,0.088,10.986,11.074,30,29.180
D,131539,0.066,10.657,10.723,30,29.092
D,131549,0.110,10.503,10.613,30,29.180
D,131559,0.088,10.767,10.854,30,29.180
D,131569,0.066,10.833,10.898,30,29.092
D,131579,0.066,10.679,10.745,30,29.092
D,131589,0.088,11.030,11.118,30,29.092
D,131599,0.088,10.789,10.876,30,29.180
D,131609,0.044,10.679,10.723,30,29.180
D,131619,0.088,10.898,10.986,30,29.180
D,131629,0.132,10.723,10.854,30,29.180
D,131639,0.044,10.591,10.635,30,29.180
D,131649,0.066,10.876,10.942,30,29.180
D,131659,0.066,10.613,10.679,30,29.092
D,131669,0.044,10.679,10.723,30,29.180
D,131679,0.110,10.898,11.008,30,29.180
D,131689,0.000,10.723,10.723,30,29.092
D,131699,0.044,10.986,11.030,30,29.180
D,131709,0.066,10.459,10.525,30,29.180
D,131719,0.000,11.008,11.008,30,29.180
D,131729,0.044,10.613,10.657,30,29.180
D,131739,0.066,10.679,10.745,30,29.180
D,131749,0.022,10.701,10.723,30,29.092
D,131759,0.044,11.250,11.294,30,29.180
D,131769,0.066,10.898,10.964,30,29.180
D,131779,0.044,11.140,11.184,30,29.180
D,131789,0.000,10.701,10.701,30,29.092
D,131799,0.022,11.228,11.250,30,29.180
D,131809,0.044,10.657,10.701,30,29.180
D,131819,0.022,10.569,10.591,30,29.180
D,131829,0.088,10.986,11.074,30,29.092
D,131839,0.044,11.052,11.096,30,29.092
D,131849,-0.022,10.525,10.503,30,29.092
D,131859,-0.022,10.525,10.503,30,29.092
D,131869,-0.022,10.986,10.964,30,29.092
D,131879,0.088,10.503,10.591,30,29.180
D,131889,0.000,11.206,11.206,30,29.180
D,131899,0.044,10.525,10.569,30,29.180
D,131909,-0.022,10.569,10.547,30,29.092
D,131919,0.044,10.854,10.898,30,29.180
D,131929,0.022,10.679,10.701,30,29.180
D,131939,0.000,10.635,10.635,30,29.180
D,131949,0.088,10.854,10.942,30,29.180
D,131959,0.000,10.811,10.811,30,29.180
D,131969,0.044,10.635,10.679,30,29.180
D,131979,0.044,10.811,10.854,30,29.180
D,131989,0.022,11.118,11.140,30,29.180
D,131999,0.022,10.195,10.217,30,29.092
D,132009,0.022,10.833,10.854,30,29.180
D,132019,0.044,10.876,10.920,30,29.180
D,132029,0.022,10.591,10.613,30,29.092
D,132039,-0.022,11.162,11.140,30,29.180
D,132049,-0.022,10.854,10.833,30,29.180
D,132059,0.022,10.437,10.459,30,29.180
D,132069,-0.044,10.723,10.679,30,29.092
D,132079,0.044,10.767,10.811,30,29.092
D,132089,0.088,10.547,10.635,30,29.180
D,132099,0.066,10.854,10.920,30,29.092
D,132109,-0.044,10.723,10.679,30,29.092
D,132119,0.022,10.789,10.811,30,29.180
D,132129,-0.022,10.898,10.876,30,29.180
D,132139,0.044,10.459,10.503,30,29.180
D,132149,0.088,10.547,10.635,30,29.180
D,132159,-0.022,10.876,10.854,30,29.092
D,132169,-0.022,10.876,10.854,30,29.092
D,132179,0.000,10.854,10.854,30,29.180
D,132189,-0.022,11.052,11.030,30,29.180
D,132199,-0.022,10.833,10.811,30,29.092
D,132209,0.088,10.898,10.986,30,29.180
D,132219,-0.022,10.679,10.657,30,29.180
D,132229,0.066,11.074,11.140,30,29.180
D,132239,0.022,11.426,11.448,30,29.092
D,132249,-0.044,10.854,10.811,30,29.092
D,132259,0.066,10.898,10.964,30,29.180
D,132269,-0.088,10.920,10.833,30,29.180
D,132279,0.000,10.854,10.854,30,29.180
D,132289,-0.022,10.173,10.151,30,29.180
D,132299,-0.044,11.096,11.052,30,29.092
D,132309,-0.022,11.096,11.074,30,29.092
D,132319,-0.022,10.767,10.745,30,29.180
D,132329,-0.022,11.074,11.052,30,29.180
D,132339,-0.022,10.723,10.701,30,29.092
D,132349,0.000,11.074,11.074,30,29.092
D,132359,-0.066,10.745,10.679,30,29.092
D,132369,-0.022,10.525,10.503,30,29.180
D,132379,0.066,10.964,11.030,30,29.180
D,132389,-0.022,10.745,10.723,30,29.180
D,132399,0.000,10.415,10.415,30,29.180
D,132409,0.044,10.481,10.525,30,29.180
D,132419,0.044,10.525,10.569,30,29.180
D,132429,-0.044,10.569,10.525,30,29.180
D,132439,-0.022,11.162,11.140,30,29.180
D,132449,0.044,10.613,10.657,30,29.092
D,132459,0.044,11.008,11.052,30,29.180
D,132469,0.044,10.986,11.030,30,29.180
D,132479,0.000,11.118,11.118,30,29.092
D,132489,0.022,10.657,10.679,30,29.180
D,132499,0.022,10.591,10.613,30,29.180
D,132509,0.022,10.701,10.723,30,29.092
D,132519,0.000,10.767,10.767,30,29.092
D,132529,-0.022,10.745,10.723,30,29.092
D,132539,0.022,10.767,10.789,30,29.180
D,132549,0.000,10.591,10.591,30,29.092
D,132559,0.000,10.459,10.459,30,29.180
D,132569,-0.022,10.635,10.613,30,29.180
D,132579,-0.088,10.569,10.481,30,29.180
D,132589,-0.066,10.723,10.657,30,29.092
D,132599,-0.066,10.679,10.613,30,29.180
D,132609,-0.022,10.701,10.679,30,29.180
D,132619,-0.022,10.679,10.657,30,29.180
D,132629,0.000,10.811,10.811,30,29.180
D,132639,0.022,10.657,10.679,30,29.092
D,132649,-0.066,10.833,10.767,30,29.092
D,132659,-0.022,11.228,11.206,30,29.092
D,132669,0.044,10.920,10.964,30,29.180
D,132679,0.044,10.547,10.591,30,29.092
D,132689,0.044,10.635,10.679,30,29.180
D,132699,-0.022,10.986,10.964,30,29.180
D,132709,0.000,11.008,11.008,30,29.180
D,132719,-0.022,10.679,10.657,30,29.092
D,132729,0.044,10.503,10.547,30,29.180
D,132739,0.066,11.008,11.074,30,29.180
D,132749,0.022,10.854,10.876,30,29.180
D,132759,0.044,10.833,10.876,30,29.092
D,132769,0.044,10.789,10.833,30,29.180
D,132779,0.022,10.415,10.437,30,29.180
D,132789,0.066,10.789,10.854,30,29.092
D,132799,0.066,10.876,10.942,30,29.092
D,132809,0.066,10.767,10.833,30,29.180
D,132819,0.022,10.679,10.701,30,29.180
D,132829,0.022,10.635,10.657,30,29.092
D,132839,0.000,10.503,10.503,30,29.092
D,132849,-0.022,10.854,10.833,30,29.092
D,132859,0.088,10.701,10.789,30,29.180
D,132869,0.044,11.052,11.096,30,29.092
D,132879,0.066,11.426,11.492,30,29.180
D,132889,0.044,10.789,10.833,30,29.180
D,132899,0.088,10.547,10.635,30,29.180
D,132909,0.066,10.876,10.942,30,29.092
D,132919,0.066,10.503,10.569,30,29.180
D,132929,0.022,10.854,10.876,30,29.180
D,132939,0.022,10.569,10.591,30,29.180
D,132949,0.000,10.876,10.876,30,29.092
D,132959,0.088,10.767,10.854,30,29.180
D,132969,0.022,10.701,10.723,30,29.180
D,132979,0.110,10.898,11.008,30,29.180
D,132989,0.066,10.811,10.876,30,29.180
D,132999,0.022,10.854,10.876,30,29.180
D,133009,0.110,10.833,10.942,30,29.092
D,133019,0.110,10.701,10.811,30,29.180
D,133029,0.066,10.745,10.811,30,29.180
D,133039,0.066,10.833,10.898,30,29.092
D,133049,0.044,10.767,10.811,30,29.092
D,133059,0.088,10.789,10.876,30,29.180
D,133069,0.088,10.701,10.789,30,29.180
D,133079,0.044,10.920,10.964,30,29.180
D,133089,0.000,10.657,10.657,30,29.180
D,133099,0.066,10.854,10.920,30,29.180
D,133109,0.088,10.811,10.898,30,29.092
D,133119,0.110,10.986,11.096,30,29.092
D,133129,0.044,10.371,10.415,30,29.092
D,133139,0.088,10.964,11.052,30,29.092
D,133149,0.022,10.657,10.679,30,29.180
D,133159,0.088,10.789,10.876,30,29.092
D,133169,0.066,10.745,10.811,30,29.092
D,133179,0.066,11.052,11.118,30,29.180
D,133189,0.022,10.525,10.547,30,29.180
D,133199,0.044,10.657,10.701,30,29.180
D,133209,0.044,10.854,10.898,30,29.180
D,133219,0.110,10.591,10.701,30,29.180
D,133229,0.066,10.591,10.657,30,29.092
D,133239,0.044,10.657,10.701,30,29.092
D,133249,-0.022,10.591,10.569,30,29.180
D,133259,0.044,10.942,10.986,30,29.180
D,133269,0.000,11.052,11.052,30,29.180
D,133279,0.044,10.481,10.525,30,29.092
D,133289,0.110,10.327,10.437,30,29.092
D,133299,0.088,10.613,10.701,30,29.180
D,133309,0.044,10.613,10.657,30,29.092
D,133319,0.066,10.613,10.679,30,29.180
D,133329,0.066,10.635,10.701,30,29.092
D,133339,0.088,10.327,10.415,30,29.180
D,133349,0.066,11.030,11.096,30,29.180
D,133359,0.088,11.096,11.184,30,29.180
D,133369,0.132,10.635,10.767,30,29.092
D,133379,0.132,10.393,10.525,30,29.180
D,133389,0.066,10.833,10.898,30,29.180
D,133399,0.066,10.547,10.613,30,29.180
D,133409,0.066,10.920,10.986,30,29.180
D,133419,0.066,11.008,11.074,30,29.180
D,133429,0.088,10.789,10.876,30,29.092
D,133439,0.066,10.811,10.876,30,29.092
D,133449,0.000,10.635,10.635,30,29.180
D,133459,0.088,10.679,10.767,30,29.092
D,133469,0.088,10.613,10.701,30,29.092
D,133479,0.088,10.657,10.745,30,29.180
D,133489,0.088,10.657,10.745,30,29.180
D,133499,0.088,10.767,10.854,30,29.092
D,133509,0.066,10.986,11.052,30,29.180
D,133519,0.066,10.657,10.723,30,29.180
D,133529,0.088,10.525,10.613,30,29.180
D,133539,0.066,10.898,10.964,30,29.180
D,133549,0.044,10.635,10.679,30,29.180
D,133559,0.022,10.591,10.613,30,29.180
D,133569,0.066,10.613,10.679,30,29.092
D,133579,0.000,11.074,11.074,30,29.092
D,133589,0.000,10.305,10.305,30,29.092
D,133599,0.022,10.854,10.876,30,29.180
D,133609,0.022,10.789,10.811,30,29.180
D,133619,0.044,10.876,10.920,30,29.180
D,133629,0.044,10.657,10.701,30,29.092
D,133639,0.088,10.767,10.854,30,29.180
D,133649,0.022,10.854,10.876,30,29.180
D,133659,0.022,10.371,10.393,30,29.180
D,133669,0.066,10.811,10.876,30,29.180
D,133679,0.066,11.140,11.206,30,29.092
D,133689,0.022,10.569,10.591,30,29.180
D,133699,0.044,10.503,10.547,30,29.092
D,133709,0.044,10.920,10.964,30,29.180
D,133719,0.044,10.876,10.920,30,29.092
D,133729,-0.022,10.789,10.767,30,29.180
D,133739,0.110,11.294,11.404,30,29.092
D,133749,-0.022,11.008,10.986,30,29.180
D,133759,0.000,10.833,10.833,30,29.180
D,133769,0.088,10.920,11.008,30,29.180
D,133779,0.044,10.811,10.854,30,29.180
D,133789,0.022,10.635,10.657,30,29.180
D,133799,-0.022,10.239,10.217,30,29.180
D,133809,0.066,10.635,10.701,30,29.180
D,133819,0.088,10.964,11.052,30,29.092
D,133829,0.088,11.030,11.118,30,29.092
D,133839,0.000,10.591,10.591,30,29.180
D,133849,-0.022,10.767,10.745,30,29.180
D,133859,0.022,10.657,10.679,30,29.092
D,133869,-0.022,10.964,10.942,30,29.180
D,133879,0.044,10.767,10.811,30,29.092
D,133889,0.000,10.613,10.613,30,29.092
D,133899,-0.022,10.745,10.723,30,29.092
D,133909,0.000,10.393,10.393,30,29.092
D,133919,0.000,10.767,10.767,30,29.180
D,133929,0.088,10.547,10.635,30,29.092
D,133939,0.022,10.679,10.701,30,29.180
D,133949,0.066,10.327,10.393,30,29.180
D,133959,0.022,11.140,11.162,30,29.092
D,133969,0.000,10.767,10.767,30,29.180
D,133979,0.022,10.964,10.986,30,29.180
D,133989,0.022,10.679,10.701,30,29.180
D,133999,0.022,10.942,10.964,30,29.180
D,134009,0.000,11.162,11.162,30,29.180
D,134019,0.066,11.206,11.272,30,29.180
D,134029,-0.044,11.030,10.986,30,29.180
D,134039,0.000,10.569,10.569,30,29.180
D,134049,0.000,10.811,10.811,30,29.092
D,134059,0.000,10.437,10.437,30,29.180
D,134069,-0.044,10.415,10.371,30,29.180
D,134079,0.044,10.613,10.657,30,29.180
D,134089,0.000,10.898,10.898,30,29.180
D,134099,0.000,10.657,10.657,30,29.180
D,134109,0.044,10.745,10.789,30,29.092
D,134119,0.022,10.723,10.745,30,29.092
D,134129,-0.022,10.920,10.898,30,29.180
D,134139,0.022,10.547,10.569,30,29.092
D,134149,0.022,10.767,10.789,30,29.180
D,134159,0.044,10.898,10.942,30,29.092
D,134169,0.000,10.898,10.898,30,29.180
D,134179,0.022,10.942,10.964,30,29.180
D,134189,0.022,10.767,10.789,30,29.180
D,134199,0.022,10.986,11.008,30,29.180
D,134209,0.000,10.459,10.459,30,29.180
D,134219,0.066,10.481,10.547,30,29.180
D,134229,-0.022,10.854,10.833,30,29.180
D,134239,-0.022,10.876,10.854,30,29.180
D,134249,0.022,11.162,11.184,30,29.092
D,134259,0.044,10.591,10.635,30,29.180
D,134269,0.044,10.613,10.657,30,29.092
D,134279,0.044,10.986,11.030,30,29.180
D,134289,0.000,10.898,10.898,30,29.180
D,134299,-0.022,10.833,10.811,30,29.180
D,134309,0.000,10.679,10.679,30,29.180
D,134319,0.088,10.437,10.525,30,29.180
D,134329,-0.022,10.898,10.876,30,29.092
D,134339,0.022,10.635,10.657,30,29.180
D,134349,0.000,10.833,10.833,30,29.180
D,134359,0.000,10.920,10.920,30,29.092
D,134369,0.022,10.920,10.942,30,29.180
D,134379,-0.088,10.876,10.789,30,29.180
D,134389,0.000,10.898,10.898,30,29.092
D,134399,0.000,10.701,10.701,30,29.180
D,134409,0.022,10.942,10.964,30,29.180
D,134419,0.044,10.833,10.876,30,29.180
D,134429,-0.044,10.503,10.459,30,29.092
D,134439,0.022,10.767,10.789,30,29.180
D,134449,0.022,10.415,10.437,30,29.180
D,134459,0.000,10.613,10.613,30,29.180
D,134469,0.022,10.789,10.811,30,29.092
D,134479,0.022,10.986,11.008,30,29.092
D,134489,0.066,10.833,10.898,30,29.180
D,134499,0.022,11.030,11.052,30,29.092
D,134509,0.000,10.876,10.876,30,29.180
D,134519,0.000,11.228,11.228,30,29.092
D,134529,0.022,10.569,10.591,30,29.092
D,134539,0.044,10.789,10.833,30,29.092
D,134549,0.000,10.942,10.942,30,29.180
D,134559,-0.044,10.679,10.635,30,29.092
D,134569,0.000,10.613,10.613,30,29.092
D,134579,0.044,10.767,10.811,30,29.180
D,134589,0.044,10.854,10.898,30,29.092
D,134599,-0.022,10.547,10.525,30,29.092
D,134609,0.022,10.657,10.679,30,29.180
D,134619,0.000,10.437,10.437,30,29.180
D,134629,0.066,11.008,11.074,30,29.092
D,134639,0.000,10.679,10.679,30,29.180
D,134649,0.022,11.074,11.096,30,29.180
D,134659,-0.022,11.162,11.140,30,29.092
D,134669,0.066,11.184,11.250,30,29.180
D,134679,0.022,10.723,10.745,30,29.180
D,134689,0.022,10.613,10.635,30,29.180
D,134699,0.022,10.833,10.854,30,29.180
D,134709,0.066,10.437,10.503,30,29.180
D,134719,0.022,10.547,10.569,30,29.180
D,134729,0.044,10.811,10.854,30,29.180
D,134739,0.022,10.789,10.811,30,29.180
D,134749,0.088,10.745,10.833,30,29.092
D,134759,0.022,10.635,10.657,30,29.180
D,134769,0.044,10.833,10.876,30,29.092
D,134779,-0.044,10.833,10.789,30,29.180
D,134789,0.066,10.701,10.767,30,29.092
D,134799,0.044,10.898,10.942,30,29.180
D,134809,0.088,10.679,10.767,30,29.180
D,134819,0.044,10.723,10.767,30,29.180
D,134829,0.044,10.833,10.876,30,29.180
D,134839,0.044,10.876,10.920,30,29.092
D,134849,0.066,10.217,10.283,30,29.180
D,134859,0.066,10.745,10.811,30,29.180
D,134869,0.000,10.525,10.525,30,29.180
D,134879,0.044,10.459,10.503,30,29.180
D,134889,0.044,10.569,10.613,30,29.092
D,134899,0.066,11.448,11.514,30,29.180
D,134909,0.000,10.591,10.591,30,29.180
D,134919,0.022,11.052,11.074,30,29.180
D,134929,0.000,10.811,10.811,30,29.180
D,134939,0.066,10.701,10.767,30,29.092
D,134949,0.088,10.898,10.986,30,29.092
D,134959,0.044,11.140,11.184,30,29.180
D,134969,0.044,10.503,10.547,30,29.092
D,134979,0.000,10.679,10.679,30,29.180
D,134989,0.066,10.503,10.569,30,29.180
D,134999,0.044,10.767,10.811,30,29.092
D,135009,0.088,10.767,10.854,30,29.092
D,135019,0.088,10.591,10.679,30,29.092
D,135029,-0.022,10.679,10.657,30,29.180
D,135039,0.044,10.679,10.723,30,29.092
D,135049,0.066,11.096,11.162,30,29.092
D,135059,-0.044,10.745,10.701,30,29.092
D,135069,0.044,11.140,11.184,30,29.180
D,135079,0.088,10.745,10.833,30,29.180
D,135089,0.044,10.525,10.569,30,29.180
D,135099,0.044,10.767,10.811,30,29.180
D,135109,0.088,10.503,10.591,30,29.180
D,135119,0.000,10.789,10.789,30,29.092
D,135129,0.066,10.942,11.008,30,29.092
D,135139,0.088,10.920,11.008,30,29.180
D,135149,0.000,10.789,10.789,30,29.180
D,135159,0.044,11.008,11.052,30,29.180
D,135169,0.000,10.679,10.679,30,29.092
D,135179,0.022,10.789,10.811,30,29.180
D,135189,0.044,10.767,10.811,30,29.180
D,135199,0.044,11.052,11.096,30,29.092
D,135209,0.066,10.745,10.811,30,29.180
D,135219,0.088,11.008,11.096,30,29.092
D,135229,0.066,10.767,10.833,30,29.180
D,135239,0.022,10.591,10.613,30,29.092
D,135249,-0.022,10.745,10.723,30,29.092
D,135259,0.022,10.635,10.657,30,29.180
D,135269,0.088,11.294,11.382,30,29.180
D,135279,0.066,11.118,11.184,30,29.092
D,135289,0.066,10.305,10.371,30,29.180
D,135299,0.022,10.898,10.920,30,29.180
D,135309,0.022,10.679,10.701,30,29.180
D,135319,0.044,10.657,10.701,30,29.180
D,135329,0.044,10.305,10.349,30,29.092
D,135339,0.066,10.679,10.745,30,29.180
D,135349,0.044,10.701,10.745,30,29.180
D,135359,0.022,10.481,10.503,30,29.180
D,135369,0.066,11.228,11.294,30,29.092
D,135379,0.022,10.437,10.459,30,29.092
D,135389,-0.022,10.942,10.920,30,29.092
D,135399,0.066,10.723,10.789,30,29.092
D,135409,0.066,10.569,10.635,30,29.180
dcmd=+30  d=+29.18 | phi=-0.04  ank=+10.66  alpha=+10.61 | alpha/d=0.364
# 출력 정지 — s 로 재개 (명령은 계속 먹음)
E,137302,MOVE,20
# 출력 재개 (s 로 다시 정지)
D,138905,-0.044,6.482,6.438,20,19.424
D,138915,0.066,6.570,6.636,20,19.424
D,138925,0.022,6.746,6.768,20,19.424
D,138935,0.044,6.680,6.724,20,19.424
D,138945,0.044,6.658,6.702,20,19.424
D,138955,0.022,6.416,6.438,20,19.424
D,138965,0.044,6.877,6.921,20,19.424
D,138975,0.022,6.460,6.482,20,19.424
D,138985,0.066,6.636,6.702,20,19.424
D,138995,0.088,6.943,7.031,20,19.424
D,139005,0.066,6.416,6.482,20,19.424
D,139015,0.044,6.548,6.592,20,19.424
D,139025,0.044,6.636,6.680,20,19.424
D,139035,0.066,6.724,6.790,20,19.424
D,139045,0.088,6.526,6.614,20,19.424
D,139055,0.110,7.053,7.163,20,19.424
D,139065,0.088,6.790,6.877,20,19.424
D,139075,0.044,6.262,6.306,20,19.424
D,139085,0.154,6.812,6.965,20,19.424
D,139095,0.088,6.680,6.768,20,19.424
D,139105,0.154,6.790,6.943,20,19.424
D,139115,0.088,6.724,6.812,20,19.424
D,139125,0.088,6.987,7.075,20,19.424
D,139135,0.110,6.570,6.680,20,19.424
D,139145,0.154,6.526,6.680,20,19.424
D,139155,0.066,6.921,6.987,20,19.424
D,139165,0.154,6.614,6.768,20,19.424
D,139175,0.110,6.394,6.504,20,19.424
D,139185,0.066,6.768,6.833,20,19.424
D,139195,0.000,7.251,7.251,20,19.424
D,139205,0.066,6.438,6.504,20,19.424
D,139215,0.066,6.240,6.306,20,19.424
D,139225,0.000,6.768,6.768,20,19.424
D,139235,0.044,6.921,6.965,20,19.424
D,139245,0.088,6.614,6.702,20,19.424
D,139255,0.066,6.812,6.877,20,19.424
D,139265,0.000,6.504,6.504,20,19.424
D,139275,0.066,6.833,6.899,20,19.424
D,139285,0.088,6.614,6.702,20,19.424
D,139295,-0.022,6.702,6.680,20,19.424
D,139305,0.088,6.746,6.833,20,19.424
D,139315,0.066,6.548,6.614,20,19.424
D,139325,0.110,6.416,6.526,20,19.424
D,139335,0.088,6.196,6.284,20,19.424
D,139345,0.066,6.438,6.504,20,19.424
D,139355,0.022,6.526,6.548,20,19.424
D,139365,0.066,6.768,6.833,20,19.424
D,139375,0.044,6.768,6.812,20,19.424
D,139385,0.066,6.548,6.614,20,19.424
D,139395,0.110,6.526,6.636,20,19.424
D,139405,0.044,6.218,6.262,20,19.424
D,139415,0.066,6.328,6.394,20,19.424
D,139425,0.110,6.548,6.658,20,19.424
D,139435,0.132,6.262,6.394,20,19.424
D,139445,0.132,6.592,6.724,20,19.424
D,139455,0.066,6.702,6.768,20,19.424
D,139465,0.198,6.460,6.658,20,19.424
D,139475,0.132,6.833,6.965,20,19.424
D,139485,0.176,6.680,6.855,20,19.424
D,139495,0.132,6.482,6.614,20,19.424
D,139505,0.066,6.350,6.416,20,19.424
D,139515,0.198,6.724,6.921,20,19.424
D,139525,0.132,6.790,6.921,20,19.424
D,139535,0.132,6.460,6.592,20,19.424
D,139545,0.132,6.482,6.614,20,19.424
D,139555,0.132,6.833,6.965,20,19.424
D,139565,0.088,6.899,6.987,20,19.424
D,139575,0.132,6.702,6.833,20,19.424
D,139585,0.088,6.724,6.812,20,19.424
D,139595,0.110,6.526,6.636,20,19.424
D,139605,0.154,6.702,6.855,20,19.424
D,139615,0.088,7.075,7.163,20,19.424
D,139625,0.066,6.877,6.943,20,19.424
D,139635,0.088,6.680,6.768,20,19.424
D,139645,0.088,6.570,6.658,20,19.424
D,139655,0.066,6.746,6.812,20,19.424
D,139665,0.088,6.196,6.284,20,19.424
D,139675,0.132,6.899,7.031,20,19.424
D,139685,0.066,6.702,6.768,20,19.424
D,139695,0.044,6.636,6.680,20,19.424
D,139705,0.022,6.658,6.680,20,19.424
D,139715,0.044,6.262,6.306,20,19.424
D,139725,0.000,6.636,6.636,20,19.424
D,139735,0.022,6.702,6.724,20,19.424
D,139745,-0.022,6.328,6.306,20,19.424
D,139755,0.022,6.526,6.548,20,19.424
D,139765,0.000,6.855,6.855,20,19.424
D,139775,0.022,6.921,6.943,20,19.424
D,139785,0.022,6.680,6.702,20,19.424
D,139795,0.000,6.284,6.284,20,19.424
D,139805,-0.022,7.317,7.295,20,19.424
D,139815,-0.066,5.999,5.933,20,19.424
D,139825,0.022,6.504,6.526,20,19.424
D,139835,0.022,6.196,6.218,20,19.424
D,139845,0.000,6.702,6.702,20,19.424
D,139855,0.044,6.350,6.394,20,19.424
D,139865,0.000,6.460,6.460,20,19.424
D,139875,0.022,6.548,6.570,20,19.424
D,139885,0.022,6.614,6.636,20,19.424
D,139895,0.088,6.987,7.075,20,19.424
D,139905,0.088,6.592,6.680,20,19.424
D,139915,0.022,6.899,6.921,20,19.424
D,139925,0.022,6.460,6.482,20,19.424
D,139935,0.022,6.438,6.460,20,19.424
D,139945,0.066,6.943,7.009,20,19.424
D,139955,0.066,7.097,7.163,20,19.424
D,139965,0.088,6.482,6.570,20,19.424
D,139975,0.066,6.724,6.790,20,19.424
D,139985,0.088,6.636,6.724,20,19.424
D,139995,0.000,6.680,6.680,20,19.424
D,140005,-0.044,6.482,6.438,20,19.424
D,140015,0.044,6.899,6.943,20,19.424
D,140025,-0.022,6.152,6.130,20,19.424
D,140035,0.022,6.570,6.592,20,19.424
D,140045,0.022,6.548,6.570,20,19.424
D,140055,0.000,6.746,6.746,20,19.424
D,140065,0.022,6.614,6.636,20,19.424
D,140075,0.000,6.680,6.680,20,19.424
D,140085,-0.088,6.768,6.680,20,19.424
D,140095,-0.066,6.636,6.570,20,19.424
D,140105,-0.066,6.877,6.812,20,19.424
D,140115,-0.088,7.053,6.965,20,19.424
D,140125,0.022,6.987,7.009,20,19.424
D,140135,-0.066,6.636,6.570,20,19.424
D,140145,-0.044,6.614,6.570,20,19.424
D,140155,-0.022,7.053,7.031,20,19.424
D,140165,-0.066,6.614,6.548,20,19.424
D,140175,-0.044,6.702,6.658,20,19.424
D,140185,-0.132,6.702,6.570,20,19.424
D,140195,-0.044,6.812,6.768,20,19.424
D,140205,-0.066,6.592,6.526,20,19.424
D,140215,-0.044,6.943,6.899,20,19.424
D,140225,-0.110,6.680,6.570,20,19.424
D,140235,-0.110,6.724,6.614,20,19.424
D,140245,-0.066,6.790,6.724,20,19.424
D,140255,-0.110,6.504,6.394,20,19.424
D,140265,-0.022,6.877,6.855,20,19.424
D,140275,-0.044,6.724,6.680,20,19.424
D,140285,-0.088,6.460,6.372,20,19.424
D,140295,-0.066,6.614,6.548,20,19.424
D,140305,-0.088,6.196,6.108,20,19.424
D,140315,-0.066,6.768,6.702,20,19.424
D,140325,-0.066,7.075,7.009,20,19.424
D,140335,0.000,6.855,6.855,20,19.424
D,140345,-0.044,6.394,6.350,20,19.424
D,140355,-0.066,6.877,6.812,20,19.424
D,140365,-0.044,6.921,6.877,20,19.424
D,140375,-0.044,6.812,6.768,20,19.424
D,140385,0.044,6.724,6.768,20,19.424
D,140395,-0.044,6.702,6.658,20,19.424
D,140405,-0.066,6.833,6.768,20,19.424
D,140415,-0.088,6.526,6.438,20,19.424
D,140425,-0.044,6.636,6.592,20,19.424
D,140435,-0.044,6.394,6.350,20,19.424
D,140445,-0.044,6.592,6.548,20,19.424
D,140455,-0.022,6.636,6.614,20,19.424
D,140465,-0.044,6.702,6.658,20,19.424
D,140475,-0.022,6.174,6.152,20,19.424
D,140485,-0.044,6.592,6.548,20,19.424
D,140495,-0.088,6.899,6.812,20,19.424
D,140505,-0.066,6.438,6.372,20,19.424
D,140515,-0.022,6.855,6.833,20,19.424
D,140525,-0.022,6.636,6.614,20,19.424
D,140535,-0.044,6.987,6.943,20,19.424
D,140545,-0.066,6.218,6.152,20,19.424
D,140555,0.000,6.768,6.768,20,19.424
D,140565,-0.022,6.482,6.460,20,19.424
D,140575,-0.044,6.680,6.636,20,19.424
D,140585,-0.066,6.921,6.855,20,19.424
D,140595,-0.088,6.877,6.790,20,19.424
D,140605,0.000,6.306,6.306,20,19.424
D,140615,-0.044,7.009,6.965,20,19.424
D,140625,-0.066,6.438,6.372,20,19.424
D,140635,-0.044,7.031,6.987,20,19.424
D,140645,-0.088,7.097,7.009,20,19.424
D,140655,-0.088,6.614,6.526,20,19.424
D,140665,-0.088,6.614,6.526,20,19.424
D,140675,-0.022,6.812,6.790,20,19.424
D,140685,-0.022,6.702,6.680,20,19.424
D,140695,0.000,6.328,6.328,20,19.424
D,140705,-0.022,6.921,6.899,20,19.424
D,140715,0.000,6.855,6.855,20,19.424
D,140725,0.000,6.526,6.526,20,19.424
D,140735,-0.022,6.460,6.438,20,19.424
D,140745,0.044,6.460,6.504,20,19.424
D,140755,0.000,6.438,6.438,20,19.424
D,140765,0.044,6.482,6.526,20,19.424
D,140775,-0.022,6.790,6.768,20,19.424
D,140785,-0.022,6.416,6.394,20,19.424
D,140795,0.000,6.746,6.746,20,19.424
D,140805,0.022,6.482,6.504,20,19.424
D,140815,0.022,6.526,6.548,20,19.424
D,140825,0.022,6.372,6.394,20,19.424
D,140835,-0.022,6.724,6.702,20,19.424
D,140845,0.022,6.262,6.284,20,19.424
D,140855,0.044,6.702,6.746,20,19.424
D,140865,0.044,6.702,6.746,20,19.424
D,140875,0.044,6.921,6.965,20,19.424
D,140885,0.088,6.548,6.636,20,19.424
D,140895,0.000,7.053,7.053,20,19.424
D,140905,0.110,7.053,7.163,20,19.424
D,140915,0.066,6.943,7.009,20,19.424
D,140925,0.066,6.438,6.504,20,19.424
D,140935,0.066,6.460,6.526,20,19.424
D,140945,0.044,6.174,6.218,20,19.424
D,140955,0.066,6.680,6.746,20,19.424
D,140965,0.044,6.790,6.833,20,19.424
D,140975,0.044,6.812,6.855,20,19.424
D,140985,0.044,6.877,6.921,20,19.424
D,140995,-0.022,6.812,6.790,20,19.424
D,141005,0.044,6.482,6.526,20,19.424
D,141015,0.088,6.680,6.768,20,19.424
D,141025,0.044,7.053,7.097,20,19.424
D,141035,0.066,6.658,6.724,20,19.424
D,141045,0.088,7.229,7.317,20,19.424
D,141055,0.022,6.943,6.965,20,19.424
D,141065,0.044,6.504,6.548,20,19.424
D,141075,0.044,6.504,6.548,20,19.424
D,141085,0.066,6.680,6.746,20,19.424
D,141095,0.110,6.394,6.504,20,19.424
D,141105,0.088,6.636,6.724,20,19.424
D,141115,0.110,6.108,6.218,20,19.424
D,141125,0.088,6.614,6.702,20,19.424
D,141135,0.000,6.372,6.372,20,19.424
D,141145,0.088,6.658,6.746,20,19.424
D,141155,0.132,6.746,6.877,20,19.424
D,141165,0.132,6.724,6.855,20,19.424
D,141175,0.088,6.592,6.680,20,19.424
D,141185,0.088,6.987,7.075,20,19.424
D,141195,0.110,6.482,6.592,20,19.424
D,141205,0.176,6.240,6.416,20,19.424
D,141215,0.066,6.746,6.812,20,19.424
D,141225,0.088,6.306,6.394,20,19.424
D,141235,0.088,6.394,6.482,20,19.424
D,141245,0.154,6.746,6.899,20,19.424
D,141255,0.044,6.724,6.768,20,19.424
D,141265,0.066,6.702,6.768,20,19.424
D,141275,0.000,7.185,7.185,20,19.424
D,141285,0.088,6.328,6.416,20,19.424
D,141295,0.088,6.592,6.680,20,19.424
D,141305,0.154,6.548,6.702,20,19.424
D,141315,0.044,6.702,6.746,20,19.424
D,141325,0.044,6.306,6.350,20,19.424
D,141335,0.088,6.921,7.009,20,19.424
D,141345,0.154,6.592,6.746,20,19.424
D,141355,0.088,6.548,6.636,20,19.424
D,141365,0.154,6.592,6.746,20,19.424
D,141375,0.132,6.680,6.812,20,19.424
D,141385,0.088,6.570,6.658,20,19.424
D,141395,0.088,6.943,7.031,20,19.424
D,141405,0.110,6.965,7.075,20,19.424
D,141415,0.110,6.724,6.833,20,19.424
D,141425,0.110,6.790,6.899,20,19.424
D,141435,0.110,6.943,7.053,20,19.424
D,141445,0.154,6.482,6.636,20,19.424
D,141455,0.110,6.987,7.097,20,19.424
D,141465,0.044,6.680,6.724,20,19.424
D,141475,0.044,6.328,6.372,20,19.424
D,141485,0.022,6.262,6.284,20,19.424
D,141495,0.022,6.680,6.702,20,19.424
D,141505,0.088,6.636,6.724,20,19.424
D,141515,0.066,6.768,6.833,20,19.424
D,141525,0.022,6.570,6.592,20,19.424
D,141535,0.066,6.746,6.812,20,19.424
D,141545,0.044,6.614,6.658,20,19.424
D,141555,0.088,6.548,6.636,20,19.424
D,141565,0.044,6.570,6.614,20,19.424
D,141575,0.066,6.262,6.328,20,19.424
D,141585,0.088,6.702,6.790,20,19.424
D,141595,0.066,6.460,6.526,20,19.424
D,141605,0.044,6.438,6.482,20,19.424
D,141615,0.022,6.504,6.526,20,19.424
D,141625,0.088,6.987,7.075,20,19.424
D,141635,0.000,6.877,6.877,20,19.424
D,141645,0.022,6.877,6.899,20,19.424
D,141655,0.088,6.658,6.746,20,19.424
D,141665,0.066,6.702,6.768,20,19.424
D,141675,0.066,6.768,6.833,20,19.424
D,141685,0.022,6.570,6.592,20,19.424
D,141695,0.022,6.504,6.526,20,19.424
D,141705,0.044,6.482,6.526,20,19.424
D,141715,0.066,6.746,6.812,20,19.424
D,141725,0.044,6.438,6.482,20,19.424
D,141735,0.110,6.482,6.592,20,19.424
D,141745,0.000,6.350,6.350,20,19.424
D,141755,0.066,6.680,6.746,20,19.424
D,141765,0.044,6.636,6.680,20,19.424
D,141775,-0.022,7.075,7.053,20,19.424
D,141785,0.044,6.680,6.724,20,19.424
D,141795,0.000,6.570,6.570,20,19.424
D,141805,0.044,6.768,6.812,20,19.424
D,141815,0.000,6.746,6.746,20,19.424
D,141825,-0.044,6.658,6.614,20,19.424
D,141835,0.044,6.108,6.152,20,19.424
D,141845,0.044,6.921,6.965,20,19.424
D,141855,0.000,7.053,7.053,20,19.424
D,141865,0.022,6.877,6.899,20,19.424
D,141875,0.022,6.790,6.812,20,19.424
D,141885,0.000,6.614,6.614,20,19.424
D,141895,0.022,6.877,6.899,20,19.424
D,141905,0.000,6.943,6.943,20,19.424
D,141915,-0.044,6.526,6.482,20,19.424
D,141925,0.000,6.636,6.636,20,19.424
D,141935,0.088,6.833,6.921,20,19.424
D,141945,-0.022,6.614,6.592,20,19.424
D,141955,0.044,6.504,6.548,20,19.424
D,141965,-0.044,6.790,6.746,20,19.424
D,141975,-0.088,6.855,6.768,20,19.424
D,141985,0.044,6.812,6.855,20,19.424
D,141995,-0.022,6.592,6.570,20,19.424
D,142005,0.000,6.438,6.438,20,19.424
D,142015,-0.066,6.833,6.768,20,19.424
D,142025,-0.044,6.592,6.548,20,19.424
D,142035,-0.044,6.768,6.724,20,19.424
D,142045,-0.044,6.680,6.636,20,19.424
D,142055,0.000,6.636,6.636,20,19.424
D,142065,0.000,6.746,6.746,20,19.424
D,142075,-0.044,6.746,6.702,20,19.424
D,142085,-0.066,6.658,6.592,20,19.424
D,142095,0.022,6.460,6.482,20,19.424
D,142105,-0.022,6.504,6.482,20,19.424
D,142115,-0.022,6.746,6.724,20,19.424
D,142125,-0.066,6.438,6.372,20,19.424
D,142135,-0.110,6.526,6.416,20,19.424
D,142145,0.000,6.768,6.768,20,19.424
D,142155,0.000,6.592,6.592,20,19.424
D,142165,-0.044,6.855,6.812,20,19.424
D,142175,-0.022,6.394,6.372,20,19.424
D,142185,-0.066,6.592,6.526,20,19.424
D,142195,-0.066,6.768,6.702,20,19.424
D,142205,-0.022,6.548,6.526,20,19.424
D,142215,-0.044,6.746,6.702,20,19.424
D,142225,-0.044,6.592,6.548,20,19.424
D,142235,0.022,6.877,6.899,20,19.424
D,142245,0.000,6.482,6.482,20,19.424
D,142255,0.000,6.240,6.240,20,19.424
D,142265,-0.022,6.614,6.592,20,19.424
D,142275,0.022,6.658,6.680,20,19.424
D,142285,-0.066,7.207,7.141,20,19.424
D,142295,-0.044,6.768,6.724,20,19.424
D,142305,-0.022,6.504,6.482,20,19.424
D,142315,0.000,6.768,6.768,20,19.424
D,142325,-0.022,6.833,6.812,20,19.424
D,142335,-0.066,6.526,6.460,20,19.424
D,142345,-0.088,6.768,6.680,20,19.424
D,142355,-0.022,6.526,6.504,20,19.424
D,142365,-0.066,6.460,6.394,20,19.424
D,142375,-0.066,6.768,6.702,20,19.424
D,142385,-0.044,6.987,6.943,20,19.424
D,142395,-0.022,6.394,6.372,20,19.424
D,142405,-0.044,6.899,6.855,20,19.424
D,142415,-0.022,6.504,6.482,20,19.424
D,142425,-0.066,6.636,6.570,20,19.424
D,142435,0.044,6.812,6.855,20,19.424
D,142445,0.000,6.328,6.328,20,19.424
D,142455,0.000,6.504,6.504,20,19.424
D,142465,0.000,6.724,6.724,20,19.424
D,142475,-0.044,6.768,6.724,20,19.424
D,142485,0.022,6.636,6.658,20,19.424
D,142495,0.022,6.438,6.460,20,19.424
D,142505,-0.066,6.636,6.570,20,19.424
D,142515,-0.022,6.790,6.768,20,19.424
D,142525,-0.044,6.812,6.768,20,19.424
D,142535,-0.022,6.482,6.460,20,19.424
D,142545,0.000,6.965,6.965,20,19.424
D,142555,-0.044,6.833,6.790,20,19.424
D,142565,-0.044,6.306,6.262,20,19.424
D,142575,-0.022,6.812,6.790,20,19.424
D,142585,-0.022,6.416,6.394,20,19.424
D,142595,-0.022,6.526,6.504,20,19.424
D,142605,0.044,6.943,6.987,20,19.424
D,142615,0.044,6.504,6.548,20,19.424
D,142625,-0.022,6.680,6.658,20,19.424
D,142635,0.022,6.482,6.504,20,19.424
D,142645,0.022,6.394,6.416,20,19.424
D,142655,0.022,6.350,6.372,20,19.424
D,142665,0.044,6.702,6.746,20,19.424
D,142675,-0.022,6.548,6.526,20,19.424
D,142685,0.022,6.130,6.152,20,19.424
D,142695,-0.044,6.526,6.482,20,19.424
D,142705,-0.022,6.790,6.768,20,19.424
D,142715,0.066,6.702,6.768,20,19.424
D,142725,0.022,7.097,7.119,20,19.424
D,142735,0.022,6.350,6.372,20,19.424
D,142745,0.044,6.680,6.724,20,19.424
D,142755,-0.022,6.262,6.240,20,19.424
D,142765,0.044,6.350,6.394,20,19.424
D,142775,0.066,6.416,6.482,20,19.424
dcmd=+20  d=+19.42 | phi=+0.04  ank=+6.09  alpha=+6.13 | alpha/d=0.316
# 출력 정지 — s 로 재개 (명령은 계속 먹음)
E,143805,MOVE,10
# 출력 재개 (s 로 다시 정지)
D,145218,-0.066,2.615,2.549,10,9.668
D,145228,-0.044,2.527,2.483,10,9.668
D,145238,-0.066,2.285,2.219,10,9.668
D,145248,-0.110,2.417,2.307,10,9.668
D,145258,-0.088,2.659,2.571,10,9.668
D,145268,-0.088,2.681,2.593,10,9.668
D,145278,-0.044,2.747,2.703,10,9.668
D,145288,-0.110,2.329,2.219,10,9.668
D,145298,-0.022,2.725,2.703,10,9.668
D,145308,-0.088,2.000,1.912,10,9.668
D,145318,-0.044,2.527,2.483,10,9.668
D,145328,-0.022,2.571,2.549,10,9.580
D,145338,-0.066,2.285,2.219,10,9.668
D,145348,-0.066,2.527,2.461,10,9.668
D,145358,-0.044,2.461,2.417,10,9.668
D,145368,-0.088,2.373,2.285,10,9.668
D,145378,-0.110,2.725,2.615,10,9.668
D,145388,-0.022,2.065,2.043,10,9.668
D,145398,-0.088,2.395,2.307,10,9.668
D,145408,-0.044,2.241,2.197,10,9.668
D,145418,0.000,2.219,2.219,10,9.668
D,145428,0.000,2.483,2.483,10,9.668
D,145438,-0.022,2.219,2.197,10,9.668
D,145448,0.022,1.736,1.758,10,9.668
D,145458,0.000,2.615,2.615,10,9.668
D,145468,-0.022,2.307,2.285,10,9.668
D,145478,0.022,2.900,2.922,10,9.668
D,145488,0.022,2.483,2.505,10,9.668
D,145498,0.066,2.373,2.439,10,9.668
D,145508,0.000,2.637,2.637,10,9.580
D,145518,0.000,2.329,2.329,10,9.668
D,145528,-0.022,2.527,2.505,10,9.668
D,145538,0.022,2.944,2.966,10,9.668
D,145548,0.110,2.461,2.571,10,9.668
D,145558,0.044,2.505,2.549,10,9.580
D,145568,0.110,2.439,2.549,10,9.668
D,145578,0.110,2.922,3.032,10,9.668
D,145588,0.088,2.549,2.637,10,9.668
D,145598,0.088,2.637,2.725,10,9.668
D,145608,0.132,2.307,2.439,10,9.668
D,145618,0.088,2.549,2.637,10,9.668
D,145628,0.044,2.483,2.527,10,9.668
D,145638,0.132,2.483,2.615,10,9.580
D,145648,0.044,2.571,2.615,10,9.668
D,145658,0.044,2.856,2.900,10,9.580
D,145668,0.066,2.878,2.944,10,9.668
D,145678,0.088,2.527,2.615,10,9.668
D,145688,0.066,2.659,2.725,10,9.668
D,145698,0.088,2.417,2.505,10,9.668
D,145708,0.066,2.483,2.549,10,9.668
D,145718,0.044,2.615,2.659,10,9.668
D,145728,0.066,2.681,2.747,10,9.580
D,145738,-0.044,2.615,2.571,10,9.668
D,145748,0.000,2.703,2.703,10,9.580
D,145758,0.000,2.813,2.813,10,9.668
D,145768,-0.044,2.527,2.483,10,9.580
D,145778,0.000,2.615,2.615,10,9.668
D,145788,0.000,2.549,2.549,10,9.668
D,145798,-0.022,2.439,2.417,10,9.668
D,145808,0.066,2.241,2.307,10,9.668
D,145818,0.000,2.131,2.131,10,9.668
D,145828,0.022,2.219,2.241,10,9.668
D,145838,0.022,2.241,2.263,10,9.668
D,145848,0.022,2.285,2.307,10,9.668
D,145858,0.000,2.791,2.791,10,9.668
D,145868,-0.022,2.439,2.417,10,9.668
D,145878,0.022,2.922,2.944,10,9.580
D,145888,-0.022,2.373,2.351,10,9.668
D,145898,0.066,2.395,2.461,10,9.668
D,145908,-0.044,1.758,1.714,10,9.668
D,145918,0.000,2.461,2.461,10,9.580
D,145928,0.066,2.395,2.461,10,9.668
D,145938,0.088,2.944,3.032,10,9.668
D,145948,0.022,2.593,2.615,10,9.668
D,145958,0.022,2.703,2.725,10,9.668
D,145968,0.022,2.834,2.856,10,9.668
D,145978,0.132,2.285,2.417,10,9.668
D,145988,0.088,2.263,2.351,10,9.668
D,145998,0.176,2.285,2.461,10,9.668
D,146008,0.088,2.241,2.329,10,9.668
D,146018,0.066,2.593,2.659,10,9.668
D,146028,0.066,2.703,2.769,10,9.668
D,146038,0.110,2.637,2.747,10,9.580
D,146048,0.132,2.637,2.769,10,9.668
D,146058,0.088,2.527,2.615,10,9.668
D,146068,0.088,2.505,2.593,10,9.668
D,146078,0.154,2.593,2.747,10,9.580
D,146088,0.044,2.505,2.549,10,9.668
D,146098,0.066,2.505,2.571,10,9.668
D,146108,0.066,3.142,3.208,10,9.668
D,146118,0.066,2.549,2.615,10,9.668
D,146128,0.110,2.285,2.395,10,9.580
D,146138,0.066,2.527,2.593,10,9.668
D,146148,0.044,2.900,2.944,10,9.668
D,146158,0.066,2.856,2.922,10,9.668
D,146168,0.044,2.747,2.791,10,9.668
D,146178,0.044,2.483,2.527,10,9.668
D,146188,0.110,2.571,2.681,10,9.668
D,146198,0.000,2.395,2.395,10,9.668
D,146208,0.022,2.219,2.241,10,9.668
D,146218,-0.088,2.505,2.417,10,9.668
D,146228,-0.044,2.747,2.703,10,9.668
D,146238,0.000,2.307,2.307,10,9.668
D,146248,-0.044,2.065,2.021,10,9.668
D,146258,-0.022,2.527,2.505,10,9.668
D,146268,-0.044,2.703,2.659,10,9.668
D,146278,0.000,2.681,2.681,10,9.668
D,146288,-0.066,2.615,2.549,10,9.668
D,146298,-0.044,2.900,2.856,10,9.668
D,146308,0.000,2.351,2.351,10,9.668
D,146318,-0.044,2.571,2.527,10,9.668
D,146328,-0.022,2.725,2.703,10,9.668
D,146338,-0.044,2.483,2.439,10,9.668
D,146348,-0.044,2.944,2.900,10,9.668
D,146358,0.022,2.505,2.527,10,9.668
D,146368,-0.022,2.747,2.725,10,9.668
D,146378,-0.066,2.769,2.703,10,9.668
D,146388,-0.044,2.373,2.329,10,9.580
D,146398,-0.022,2.219,2.197,10,9.580
D,146408,-0.022,2.637,2.615,10,9.668
D,146418,-0.022,2.615,2.593,10,9.668
D,146428,-0.066,2.615,2.549,10,9.668
D,146438,0.022,2.461,2.483,10,9.668
D,146448,0.000,2.351,2.351,10,9.668
D,146458,-0.044,2.483,2.439,10,9.668
D,146468,-0.066,2.549,2.483,10,9.668
D,146478,0.022,2.571,2.593,10,9.580
D,146488,-0.022,2.571,2.549,10,9.668
D,146498,0.022,2.747,2.769,10,9.668
D,146508,-0.066,2.681,2.615,10,9.580
D,146518,-0.066,2.593,2.527,10,9.668
D,146528,0.044,2.065,2.109,10,9.668
D,146538,0.000,2.417,2.417,10,9.668
D,146548,0.022,2.615,2.637,10,9.668
D,146558,0.000,2.417,2.417,10,9.668
D,146568,-0.022,2.593,2.571,10,9.668
D,146578,-0.044,2.439,2.395,10,9.668
D,146588,0.000,2.593,2.593,10,9.668
D,146598,-0.066,2.659,2.593,10,9.668
D,146608,-0.022,2.395,2.373,10,9.668
D,146618,0.022,2.439,2.461,10,9.668
D,146628,-0.066,2.461,2.395,10,9.668
D,146638,-0.044,2.659,2.615,10,9.668
D,146648,-0.088,2.944,2.856,10,9.668
D,146658,-0.066,2.439,2.373,10,9.668
D,146668,-0.044,2.725,2.681,10,9.668
D,146678,-0.110,2.615,2.505,10,9.668
D,146688,0.000,2.109,2.109,10,9.668
D,146698,-0.066,2.175,2.109,10,9.668
D,146708,-0.088,2.109,2.021,10,9.668
D,146718,-0.066,2.856,2.791,10,9.668
D,146728,-0.066,2.263,2.197,10,9.668
D,146738,-0.088,2.043,1.956,10,9.668
D,146748,-0.044,2.307,2.263,10,9.668
D,146758,-0.110,2.571,2.461,10,9.668
D,146768,-0.110,2.681,2.571,10,9.580
D,146778,-0.088,2.527,2.439,10,9.668
D,146788,-0.088,2.483,2.395,10,9.580
D,146798,-0.088,2.527,2.439,10,9.668
D,146808,-0.066,2.461,2.395,10,9.668
D,146818,-0.088,2.417,2.329,10,9.668
D,146828,-0.066,2.373,2.307,10,9.668
D,146838,-0.110,2.659,2.549,10,9.668
D,146848,-0.088,2.527,2.439,10,9.668
D,146858,-0.044,2.725,2.681,10,9.668
D,146868,-0.088,2.549,2.461,10,9.668
D,146878,-0.110,2.483,2.373,10,9.668
D,146888,-0.066,2.725,2.659,10,9.580
D,146898,0.000,2.769,2.769,10,9.668
D,146908,-0.022,2.461,2.439,10,9.668
D,146918,-0.066,2.351,2.285,10,9.580
D,146928,0.022,2.769,2.791,10,9.668
D,146938,-0.110,2.505,2.395,10,9.668
D,146948,-0.110,2.900,2.791,10,9.668
D,146958,0.000,2.878,2.878,10,9.580
D,146968,-0.066,2.439,2.373,10,9.580
D,146978,-0.044,2.615,2.571,10,9.668
D,146988,0.022,2.417,2.439,10,9.580
D,146998,0.022,2.461,2.483,10,9.580
D,147008,0.000,2.351,2.351,10,9.668
D,147018,-0.044,2.461,2.417,10,9.668
D,147028,0.000,2.043,2.043,10,9.580
D,147038,-0.044,2.637,2.593,10,9.668
D,147048,-0.044,2.725,2.681,10,9.580
D,147058,-0.044,2.637,2.593,10,9.668
D,147068,-0.022,2.241,2.219,10,9.668
D,147078,0.044,2.747,2.791,10,9.668
D,147088,-0.022,2.659,2.637,10,9.580
D,147098,-0.088,2.285,2.197,10,9.668
D,147108,-0.022,2.571,2.549,10,9.580
D,147118,-0.022,2.285,2.263,10,9.668
D,147128,0.022,2.263,2.285,10,9.668
D,147138,-0.044,2.637,2.593,10,9.580
D,147148,-0.066,2.527,2.461,10,9.580
D,147158,-0.088,2.483,2.395,10,9.668
D,147168,-0.088,2.197,2.109,10,9.668
D,147178,-0.022,2.439,2.417,10,9.668
D,147188,0.022,2.549,2.571,10,9.580
D,147198,-0.044,2.351,2.307,10,9.668
D,147208,-0.088,2.747,2.659,10,9.668
D,147218,-0.044,2.373,2.329,10,9.668
D,147228,-0.022,2.131,2.109,10,9.668
D,147238,-0.044,2.725,2.681,10,9.668
D,147248,0.000,2.856,2.856,10,9.668
D,147258,-0.022,2.461,2.439,10,9.668
D,147268,-0.066,2.769,2.703,10,9.668
D,147278,-0.044,2.900,2.856,10,9.668
D,147288,-0.022,2.505,2.483,10,9.668
D,147298,-0.044,2.615,2.571,10,9.580
D,147308,0.022,2.153,2.175,10,9.668
D,147318,-0.022,2.527,2.505,10,9.668
D,147328,-0.022,2.505,2.483,10,9.668
D,147338,-0.022,2.417,2.395,10,9.580
D,147348,0.000,2.285,2.285,10,9.580
D,147358,-0.022,2.549,2.527,10,9.668
D,147368,0.000,2.725,2.725,10,9.668
D,147378,-0.044,2.175,2.131,10,9.580
D,147388,-0.044,2.527,2.483,10,9.668
D,147398,0.000,2.197,2.197,10,9.668
D,147408,0.022,2.505,2.527,10,9.668
D,147418,0.000,2.637,2.637,10,9.668
D,147428,-0.022,2.461,2.439,10,9.580
D,147438,0.044,2.944,2.988,10,9.668
D,147448,-0.022,2.263,2.241,10,9.668
D,147458,0.000,2.571,2.571,10,9.580
D,147468,0.000,2.637,2.637,10,9.668
D,147478,0.022,2.461,2.483,10,9.668
D,147488,0.044,2.791,2.834,10,9.580
D,147498,0.044,2.856,2.900,10,9.668
D,147508,0.044,2.351,2.395,10,9.580
D,147518,0.066,2.615,2.681,10,9.668
D,147528,0.066,2.725,2.791,10,9.668
D,147538,-0.022,2.263,2.241,10,9.668
D,147548,0.022,2.769,2.791,10,9.668
D,147558,0.044,2.175,2.219,10,9.668
D,147568,0.066,2.483,2.549,10,9.668
D,147578,0.066,2.725,2.791,10,9.580
D,147588,0.022,2.197,2.219,10,9.580
D,147598,0.066,2.373,2.439,10,9.668
D,147608,0.022,2.131,2.153,10,9.668
D,147618,0.000,2.285,2.285,10,9.668
D,147628,0.044,2.307,2.351,10,9.668
D,147638,0.000,2.505,2.505,10,9.580
D,147648,0.066,2.219,2.285,10,9.668
D,147658,0.066,2.769,2.834,10,9.668
D,147668,0.088,2.263,2.351,10,9.668
D,147678,0.088,2.285,2.373,10,9.580
D,147688,0.066,2.439,2.505,10,9.668
D,147698,0.088,2.637,2.725,10,9.668
D,147708,-0.022,2.659,2.637,10,9.580
D,147718,0.022,2.593,2.615,10,9.668
D,147728,0.066,2.417,2.483,10,9.668
D,147738,0.022,2.219,2.241,10,9.668
D,147748,0.022,2.329,2.351,10,9.668
D,147758,0.066,2.307,2.373,10,9.668
D,147768,0.066,2.659,2.725,10,9.668
D,147778,0.000,2.944,2.944,10,9.668
D,147788,0.044,2.307,2.351,10,9.668
D,147798,0.022,2.329,2.351,10,9.580
D,147808,0.000,2.395,2.395,10,9.668
D,147818,0.022,2.439,2.461,10,9.668
D,147828,0.022,2.087,2.109,10,9.668
D,147838,0.022,2.285,2.307,10,9.668
D,147848,0.000,2.439,2.439,10,9.668
D,147858,0.044,2.549,2.593,10,9.668
D,147868,0.000,2.175,2.175,10,9.668
D,147878,0.066,2.483,2.549,10,9.668
D,147888,0.022,2.505,2.527,10,9.668
D,147898,0.066,2.703,2.769,10,9.668
D,147908,0.000,2.483,2.483,10,9.580
D,147918,0.022,2.527,2.549,10,9.668
D,147928,0.110,2.681,2.791,10,9.668
D,147938,0.044,2.681,2.725,10,9.580
D,147948,0.000,2.241,2.241,10,9.668
D,147958,-0.022,2.769,2.747,10,9.668
D,147968,0.022,2.000,2.021,10,9.668
D,147978,0.066,2.285,2.351,10,9.668
D,147988,-0.022,2.351,2.329,10,9.580
D,147998,0.066,2.351,2.417,10,9.668
D,148008,0.044,2.791,2.834,10,9.668
D,148018,0.022,2.505,2.527,10,9.668
D,148028,0.022,2.439,2.461,10,9.668
D,148038,0.044,2.769,2.813,10,9.668
D,148048,0.044,2.373,2.417,10,9.668
D,148058,0.000,2.285,2.285,10,9.668
D,148068,0.022,2.417,2.439,10,9.580
D,148078,0.044,2.571,2.615,10,9.668
D,148088,0.022,2.659,2.681,10,9.580
D,148098,-0.022,2.395,2.373,10,9.668
D,148108,0.088,2.813,2.900,10,9.668
D,148118,-0.044,2.615,2.571,10,9.668
D,148128,0.088,2.856,2.944,10,9.580
D,148138,-0.044,2.747,2.703,10,9.668
D,148148,0.022,2.571,2.593,10,9.668
D,148158,0.000,2.263,2.263,10,9.668
D,148168,0.044,2.461,2.505,10,9.580
D,148178,-0.022,2.527,2.505,10,9.580
D,148188,0.000,2.461,2.461,10,9.668
D,148198,0.000,2.527,2.527,10,9.668
D,148208,-0.044,2.219,2.175,10,9.580
D,148218,-0.044,2.747,2.703,10,9.668
D,148228,-0.066,2.549,2.483,10,9.668
D,148238,-0.044,2.439,2.395,10,9.668
D,148248,0.000,2.087,2.087,10,9.668
D,148258,-0.044,2.461,2.417,10,9.668
D,148268,-0.022,2.285,2.263,10,9.668
D,148278,-0.022,2.373,2.351,10,9.668
D,148288,-0.022,1.846,1.824,10,9.580
D,148298,0.000,2.725,2.725,10,9.668
D,148308,0.022,2.527,2.549,10,9.668
D,148318,0.000,2.417,2.417,10,9.668
D,148328,-0.044,2.747,2.703,10,9.668
D,148338,-0.044,2.065,2.021,10,9.668
D,148348,-0.066,2.527,2.461,10,9.668
D,148358,-0.022,2.131,2.109,10,9.668
D,148368,-0.022,2.439,2.417,10,9.668
D,148378,-0.022,2.483,2.461,10,9.668
D,148388,-0.022,2.725,2.703,10,9.668
D,148398,-0.044,3.318,3.274,10,9.668
D,148408,-0.022,2.153,2.131,10,9.580
D,148418,0.022,2.263,2.285,10,9.668
D,148428,0.000,2.043,2.043,10,9.668
D,148438,-0.022,2.505,2.483,10,9.668
D,148448,-0.044,2.263,2.219,10,9.668
D,148458,-0.066,2.087,2.021,10,9.668
D,148468,-0.044,2.813,2.769,10,9.580
D,148478,-0.022,2.747,2.725,10,9.668
D,148488,-0.022,2.703,2.681,10,9.668
D,148498,-0.044,2.329,2.285,10,9.668
D,148508,-0.022,2.351,2.329,10,9.668
D,148518,0.000,2.659,2.659,10,9.668
D,148528,-0.066,2.703,2.637,10,9.668
D,148538,-0.088,2.000,1.912,10,9.580
D,148548,-0.044,2.219,2.175,10,9.668
D,148558,-0.110,2.439,2.329,10,9.668
D,148568,0.000,2.659,2.659,10,9.668
D,148578,-0.066,2.395,2.329,10,9.580
D,148588,0.000,2.505,2.505,10,9.580
D,148598,-0.044,2.285,2.241,10,9.668
D,148608,-0.066,2.878,2.813,10,9.668
D,148618,-0.088,2.285,2.197,10,9.580
D,148628,-0.022,2.813,2.791,10,9.668
D,148638,0.000,2.878,2.878,10,9.668
D,148648,-0.110,2.637,2.527,10,9.668
D,148658,-0.022,2.109,2.087,10,9.668
D,148668,-0.110,2.417,2.307,10,9.668
D,148678,-0.044,2.461,2.417,10,9.668
D,148688,-0.022,2.131,2.109,10,9.668
D,148698,0.000,2.285,2.285,10,9.580
D,148708,-0.088,2.637,2.549,10,9.668
D,148718,-0.066,3.142,3.076,10,9.668
D,148728,-0.022,2.241,2.219,10,9.668
D,148738,-0.066,2.285,2.219,10,9.668
D,148748,0.022,2.351,2.373,10,9.668
D,148758,-0.066,2.615,2.549,10,9.668
D,148768,-0.110,2.900,2.791,10,9.668
D,148778,-0.066,2.769,2.703,10,9.668
D,148788,0.022,2.944,2.966,10,9.668
D,148798,-0.044,2.109,2.065,10,9.668
D,148808,-0.066,2.637,2.571,10,9.668
D,148818,-0.022,2.461,2.439,10,9.668
D,148828,-0.088,2.021,1.934,10,9.668
D,148838,-0.022,2.571,2.549,10,9.668
D,148848,-0.022,2.549,2.527,10,9.668
D,148858,-0.044,2.109,2.065,10,9.668
D,148868,-0.066,2.329,2.263,10,9.668
D,148878,0.000,2.395,2.395,10,9.668
D,148888,-0.066,2.637,2.571,10,9.668
D,148898,0.000,2.834,2.834,10,9.668
D,148908,0.000,2.505,2.505,10,9.580
D,148918,-0.066,2.747,2.681,10,9.668
D,148928,-0.044,2.856,2.813,10,9.668
D,148938,0.000,2.351,2.351,10,9.580
D,148948,-0.088,2.571,2.483,10,9.668
D,148958,-0.022,2.439,2.417,10,9.668
D,148968,-0.066,2.373,2.307,10,9.668
D,148978,-0.110,2.593,2.483,10,9.580
D,148988,-0.066,2.725,2.659,10,9.668
D,148998,0.000,2.175,2.175,10,9.580
D,149008,-0.022,1.956,1.934,10,9.668
D,149018,0.000,2.439,2.439,10,9.668
D,149028,0.000,2.307,2.307,10,9.668
D,149038,-0.022,2.593,2.571,10,9.668
D,149048,-0.044,2.241,2.197,10,9.668
D,149058,-0.110,2.219,2.109,10,9.668
D,149068,-0.044,2.571,2.527,10,9.668
D,149078,0.000,2.285,2.285,10,9.668
D,149088,-0.022,2.813,2.791,10,9.580
D,149098,0.000,2.681,2.681,10,9.668
D,149108,-0.022,2.153,2.131,10,9.668
D,149118,-0.022,2.703,2.681,10,9.668
D,149128,0.022,2.615,2.637,10,9.668
D,149138,-0.044,2.593,2.549,10,9.668
D,149148,-0.022,2.329,2.307,10,9.668
D,149158,-0.088,2.417,2.329,10,9.668
D,149168,0.022,2.285,2.307,10,9.668
D,149178,0.000,2.175,2.175,10,9.668
D,149188,-0.066,2.417,2.351,10,9.668
D,149198,0.044,2.373,2.417,10,9.668
D,149208,-0.110,2.285,2.175,10,9.668
D,149218,0.000,2.087,2.087,10,9.668
D,149228,0.022,2.483,2.505,10,9.668
D,149238,-0.022,2.285,2.263,10,9.580
D,149248,-0.066,2.703,2.637,10,9.668
D,149258,-0.022,2.725,2.703,10,9.668
D,149268,-0.044,2.351,2.307,10,9.580
D,149278,0.044,2.461,2.505,10,9.668
D,149288,-0.022,2.571,2.549,10,9.668
D,149298,0.000,2.417,2.417,10,9.668
D,149308,0.022,2.834,2.856,10,9.668
D,149318,-0.066,2.725,2.659,10,9.668
D,149328,0.000,2.505,2.505,10,9.580
D,149338,-0.022,2.549,2.527,10,9.580
D,149348,0.044,2.549,2.593,10,9.668
D,149358,-0.044,2.329,2.285,10,9.668
D,149368,0.000,2.219,2.219,10,9.668
D,149378,0.088,2.307,2.395,10,9.668
D,149388,0.000,2.439,2.439,10,9.580
D,149398,0.022,2.922,2.944,10,9.580
D,149408,-0.044,2.659,2.615,10,9.668
D,149418,0.000,2.395,2.395,10,9.668
dcmd=+10  d=+9.67 | phi=+0.00  ank=+2.29  alpha=+2.29 | alpha/d=0.236
# 출력 정지 — s 로 재개 (명령은 계속 먹음)
E,150485,MOVE,0
